200
0.0 	15.5 	55.8 	99.8 	67.9 	90.4 	25.2 	61.9 	2.3 	32.1 	39.7 	84.1 	53.4 	89.4 	21.5 	5.6 	65.7 	91.9 	37.5 	43.6 	23.3 	19.5 	96.7 	31.9 	46.0 	34.2 	26.0 	38.5 	39.8 	1.6 	81.2 	57.9 	37.1 	1.6 	61.0 	22.2 	72.1 	44.0 	59.9 	86.1 	28.6 	10.8 	94.6 	5.8 	57.7 	51.2 	14.0 	56.1 	6.2 	9.8 	9.1 	84.1 	7.0 	16.5 	67.1 	12.5 	27.0 	99.4 	19.6 	2.9 	49.8 	27.8 	45.8 	76.8 	37.0 	92.2 	57.2 	48.2 	28.0 	34.3 	56.6 	22.6 	88.1 	22.7 	62.7 	54.7 	41.1 	56.4 	43.3 	27.7 	73.9 	87.9 	55.7 	1.6 	62.0 	8.4 	21.2 	77.1 	5.3 	6.0 	91.0 	56.5 	70.3 	91.4 	88.1 	91.2 	15.6 	12.2 	82.1 	51.2 	84.5 	92.8 	76.5 	78.3 	19.3 	44.5 	25.8 	13.9 	48.4 	18.6 	26.7 	25.5 	14.8 	15.4 	1.3 	2.6 	95.4 	92.5 	90.3 	96.6 	7.4 	52.2 	3.9 	74.7 	12.9 	17.1 	47.0 	96.4 	7.1 	66.8 	52.6 	31.1 	87.6 	73.4 	32.8 	16.1 	60.3 	58.1 	71.7 	39.7 	41.9 	22.9 	5.9 	50.3 	51.2 	82.5 	43.6 	48.6 	18.0 	68.5 	18.0 	12.3 	89.4 	64.4 	50.6 	91.9 	19.0 	44.3 	74.1 	27.0 	47.3 	91.7 	54.3 	1.6 	76.3 	50.3 	61.5 	92.1 	62.0 	80.0 	99.7 	45.1 	55.6 	5.7 	54.9 	46.7 	55.9 	67.2 	84.3 	74.5 	55.1 	38.6 	93.3 	3.2 	68.6 	68.7 	40.3 	72.0 	6.2 	37.5 	56.8 	35.9 	75.8 	89.9 	6.7 	7.9 	91.7 	38.3 	86.0 	28.6 	
15.5 	0.0 	26.2 	19.6 	85.5 	66.6 	76.1 	40.9 	88.4 	87.9 	76.4 	54.6 	51.9 	30.3 	2.4 	63.8 	20.9 	94.6 	27.6 	93.3 	67.3 	42.4 	47.1 	8.1 	46.8 	57.9 	45.3 	16.0 	28.7 	10.4 	56.4 	91.8 	24.5 	77.0 	74.1 	23.0 	3.6 	75.3 	67.5 	84.2 	60.7 	43.6 	90.2 	68.5 	5.9 	59.8 	44.2 	44.3 	33.6 	95.0 	13.0 	96.1 	33.3 	18.8 	71.7 	61.2 	41.1 	78.7 	21.4 	62.4 	15.2 	92.2 	68.6 	79.0 	22.9 	70.0 	3.7 	53.4 	34.3 	8.9 	99.9 	55.8 	13.0 	34.5 	71.1 	43.9 	78.2 	46.3 	54.9 	66.0 	26.6 	6.9 	87.8 	37.6 	68.8 	36.8 	71.1 	99.3 	17.4 	83.0 	81.8 	54.1 	39.8 	71.8 	45.1 	15.1 	38.7 	62.7 	12.5 	58.3 	12.6 	60.8 	89.4 	98.6 	27.5 	74.3 	77.1 	47.4 	12.7 	37.9 	66.8 	53.4 	72.1 	1.4 	83.7 	3.2 	89.0 	60.0 	15.8 	64.3 	15.7 	26.2 	91.7 	88.2 	96.1 	56.6 	53.2 	88.6 	86.0 	56.9 	67.7 	73.5 	89.8 	72.5 	47.5 	18.6 	52.1 	51.3 	15.5 	75.0 	31.7 	58.4 	62.5 	52.3 	47.0 	43.2 	83.0 	63.5 	73.9 	48.4 	55.7 	49.2 	61.4 	2.2 	72.7 	25.0 	27.4 	41.2 	27.8 	54.8 	67.2 	13.2 	32.3 	53.4 	85.4 	32.3 	58.1 	13.6 	84.0 	94.0 	44.0 	56.7 	82.6 	51.4 	95.2 	25.2 	59.9 	99.6 	22.0 	99.3 	19.7 	81.2 	91.2 	67.4 	85.5 	58.0 	43.5 	88.5 	33.7 	21.8 	50.3 	11.1 	78.3 	36.9 	23.4 	82.0 	88.9 	3.8 	26.9 	49.7 	
55.8 	26.2 	0.0 	14.7 	57.7 	83.2 	35.3 	98.9 	31.2 	56.1 	94.5 	88.8 	48.5 	16.5 	63.2 	27.0 	15.3 	5.0 	54.9 	51.7 	24.3 	26.1 	17.1 	68.0 	56.8 	85.0 	44.3 	3.8 	58.3 	39.7 	24.9 	59.5 	12.7 	42.0 	40.3 	61.5 	53.1 	60.9 	73.5 	66.1 	85.1 	56.3 	77.2 	15.0 	39.8 	31.4 	71.3 	51.5 	33.7 	86.9 	30.8 	88.7 	33.3 	24.9 	15.1 	37.7 	75.2 	97.1 	51.1 	97.2 	37.8 	33.5 	22.7 	43.3 	56.1 	8.8 	94.4 	59.3 	12.2 	4.2 	82.9 	36.2 	81.1 	85.5 	10.6 	32.5 	24.9 	94.7 	91.7 	81.7 	79.0 	20.4 	83.3 	7.3 	88.0 	77.4 	8.3 	92.9 	84.7 	93.0 	92.3 	59.1 	45.7 	22.8 	66.2 	15.8 	71.1 	48.6 	82.7 	19.6 	54.4 	60.3 	76.2 	27.2 	29.7 	23.4 	55.6 	18.6 	17.7 	89.0 	66.5 	52.3 	53.0 	49.4 	72.9 	84.6 	32.3 	88.9 	82.5 	19.9 	19.0 	22.1 	8.7 	55.9 	25.6 	32.5 	35.3 	10.5 	61.8 	30.3 	98.6 	27.2 	46.1 	50.7 	21.2 	65.1 	66.0 	30.4 	44.9 	84.0 	36.0 	67.6 	57.0 	36.0 	13.8 	75.6 	94.2 	99.4 	1.3 	62.5 	86.9 	51.7 	56.9 	41.5 	39.8 	65.6 	31.0 	39.5 	35.4 	51.8 	35.8 	92.6 	22.7 	1.1 	74.5 	40.1 	84.2 	75.1 	72.4 	44.7 	36.3 	10.5 	23.8 	83.4 	57.5 	89.1 	45.0 	43.2 	36.6 	36.5 	84.9 	84.1 	53.1 	88.2 	9.5 	68.6 	87.8 	48.0 	51.8 	30.3 	90.8 	97.5 	43.7 	15.8 	45.0 	20.6 	73.9 	39.2 	42.8 	46.9 	
99.8 	19.6 	14.7 	0.0 	92.5 	66.5 	21.4 	8.8 	62.7 	50.2 	1.2 	59.3 	42.7 	77.7 	16.7 	96.5 	85.2 	56.6 	81.5 	63.1 	56.3 	85.1 	7.4 	56.5 	32.3 	1.9 	14.4 	70.9 	17.4 	85.7 	57.4 	2.3 	58.3 	76.4 	78.3 	4.0 	15.0 	35.7 	12.5 	38.7 	30.5 	66.0 	60.8 	56.0 	72.2 	84.0 	57.9 	80.2 	77.8 	20.2 	12.7 	72.1 	25.7 	57.2 	31.4 	85.5 	2.7 	33.5 	58.9 	55.8 	7.8 	2.9 	42.9 	56.4 	22.9 	69.1 	87.2 	40.9 	2.7 	61.5 	19.4 	26.7 	7.8 	60.8 	62.7 	35.3 	55.1 	96.4 	79.2 	35.2 	62.6 	59.9 	84.1 	55.7 	7.0 	36.5 	80.7 	56.8 	59.7 	82.0 	48.2 	95.6 	49.0 	37.9 	99.0 	76.2 	41.3 	33.7 	82.7 	92.3 	79.6 	29.5 	12.8 	20.9 	62.4 	46.1 	51.5 	6.0 	84.3 	91.2 	78.8 	31.1 	21.3 	84.7 	95.8 	80.9 	14.8 	2.8 	90.3 	32.6 	48.3 	37.0 	67.0 	6.6 	35.6 	53.7 	19.9 	74.7 	32.4 	99.3 	10.1 	56.9 	92.2 	41.1 	2.5 	66.4 	78.0 	40.7 	17.5 	13.6 	8.4 	28.6 	2.0 	18.7 	78.5 	75.7 	61.5 	71.3 	89.8 	71.4 	26.9 	78.4 	74.8 	18.9 	9.0 	74.4 	13.1 	80.8 	63.8 	25.2 	41.9 	81.2 	45.0 	98.9 	90.6 	62.1 	31.4 	80.7 	66.1 	46.8 	47.9 	63.8 	77.3 	20.3 	5.2 	44.0 	5.6 	86.0 	16.3 	79.9 	49.4 	31.6 	3.8 	45.4 	82.0 	90.4 	98.6 	12.8 	55.6 	47.5 	61.4 	90.1 	44.6 	99.5 	85.5 	64.4 	18.7 	27.1 	94.5 	20.3 	
67.9 	85.5 	57.7 	92.5 	0.0 	84.7 	38.1 	9.9 	43.8 	72.6 	36.2 	55.4 	79.1 	94.7 	6.2 	71.4 	37.9 	37.2 	95.9 	20.8 	97.2 	55.4 	60.8 	98.3 	83.7 	86.1 	10.3 	91.2 	85.8 	93.6 	57.5 	19.1 	17.0 	50.3 	87.0 	27.2 	75.0 	70.4 	14.2 	65.9 	84.1 	13.2 	56.8 	37.4 	46.0 	53.7 	58.0 	44.3 	89.5 	75.7 	66.5 	49.1 	92.4 	60.6 	16.1 	60.7 	43.1 	7.3 	30.2 	8.8 	58.7 	82.9 	61.5 	54.9 	7.9 	86.8 	63.5 	52.9 	52.7 	44.5 	53.5 	26.6 	32.4 	9.6 	62.5 	9.5 	66.5 	72.5 	92.0 	23.5 	15.1 	5.8 	92.1 	34.1 	48.7 	75.1 	3.3 	77.3 	16.2 	28.7 	2.9 	14.1 	83.2 	18.9 	95.9 	89.8 	97.7 	23.8 	57.8 	45.7 	20.9 	92.0 	73.8 	83.1 	73.2 	71.3 	85.4 	76.8 	68.8 	43.3 	33.5 	67.5 	48.9 	16.9 	82.5 	79.2 	66.9 	91.0 	85.8 	84.7 	18.1 	24.5 	68.7 	93.1 	73.6 	43.0 	45.8 	65.9 	75.0 	65.5 	3.9 	10.2 	84.1 	19.9 	91.8 	42.5 	71.9 	28.4 	67.9 	31.9 	75.0 	93.1 	65.0 	22.0 	29.5 	15.7 	90.1 	82.7 	59.1 	60.4 	95.3 	61.7 	77.7 	19.2 	37.9 	91.3 	26.6 	95.4 	42.9 	76.9 	45.9 	76.5 	26.0 	96.2 	44.4 	7.6 	62.4 	1.2 	93.7 	99.1 	28.8 	43.7 	79.8 	28.9 	88.0 	54.0 	22.6 	36.0 	83.9 	70.1 	59.4 	5.0 	93.5 	67.6 	61.4 	43.5 	3.7 	66.7 	26.4 	23.2 	76.0 	67.7 	7.0 	4.0 	71.3 	31.2 	58.1 	97.7 	43.1 	51.2 	
90.4 	66.6 	83.2 	66.5 	84.7 	0.0 	23.9 	9.0 	49.5 	23.1 	59.9 	31.8 	2.0 	81.2 	91.1 	95.0 	16.8 	45.6 	44.8 	18.8 	24.0 	64.1 	14.2 	42.5 	19.2 	55.8 	25.3 	89.6 	94.0 	41.1 	75.6 	36.3 	29.6 	82.1 	25.4 	48.2 	98.3 	28.0 	72.7 	78.6 	43.2 	42.7 	61.5 	12.0 	99.5 	53.0 	98.3 	47.9 	83.9 	41.5 	56.3 	97.5 	26.9 	3.8 	27.3 	6.7 	70.6 	47.0 	31.4 	96.8 	88.7 	41.1 	11.3 	13.7 	88.6 	67.8 	23.6 	37.3 	16.9 	3.2 	80.4 	86.8 	15.1 	25.0 	90.5 	18.0 	6.7 	15.6 	54.0 	59.2 	86.8 	64.5 	74.0 	55.5 	51.8 	20.8 	69.5 	49.0 	51.4 	3.2 	50.2 	48.0 	26.4 	16.2 	53.2 	58.2 	1.7 	18.3 	40.7 	95.7 	92.5 	39.3 	48.7 	68.6 	59.6 	24.9 	4.5 	89.6 	67.3 	68.1 	99.9 	1.3 	76.5 	44.7 	23.5 	34.4 	29.9 	28.0 	22.5 	55.8 	69.0 	10.8 	55.6 	8.3 	26.1 	96.4 	25.7 	68.6 	27.0 	72.5 	69.2 	67.5 	4.5 	30.7 	82.8 	25.1 	40.2 	71.7 	17.5 	27.8 	52.2 	6.0 	34.3 	96.5 	31.3 	50.1 	24.3 	31.4 	19.4 	57.3 	38.8 	36.9 	86.5 	93.1 	59.8 	2.8 	7.2 	32.3 	72.8 	2.5 	81.4 	96.0 	31.7 	94.8 	90.0 	30.9 	95.2 	46.9 	45.7 	97.2 	41.6 	68.7 	51.7 	21.4 	51.1 	16.2 	64.2 	43.9 	14.3 	9.9 	21.8 	23.9 	52.9 	46.2 	26.8 	79.0 	55.7 	34.6 	66.9 	86.0 	98.6 	69.8 	25.0 	13.5 	95.5 	37.4 	45.3 	55.6 	68.6 	60.0 	
25.2 	76.1 	35.3 	21.4 	38.1 	23.9 	0.0 	29.1 	12.2 	57.2 	9.2 	93.4 	47.3 	4.9 	63.5 	51.6 	16.9 	16.4 	96.3 	38.3 	92.4 	48.1 	23.4 	20.1 	3.9 	26.5 	18.7 	32.8 	14.1 	99.5 	98.2 	71.2 	83.6 	28.4 	48.9 	2.4 	2.9 	29.9 	70.0 	12.7 	38.6 	51.1 	4.9 	24.4 	63.5 	50.5 	1.4 	10.3 	40.7 	97.2 	89.7 	81.8 	93.9 	40.5 	18.0 	5.4 	81.7 	55.6 	68.0 	90.5 	62.6 	53.8 	96.9 	57.6 	72.6 	86.0 	83.8 	52.2 	33.8 	11.8 	57.7 	83.8 	20.3 	64.3 	33.1 	21.7 	24.3 	52.8 	68.0 	75.1 	18.6 	28.4 	49.7 	81.9 	48.9 	94.2 	38.3 	77.8 	6.3 	26.9 	70.8 	87.1 	81.5 	64.8 	17.5 	6.1 	94.4 	85.3 	98.2 	95.1 	59.0 	87.0 	63.4 	6.2 	18.7 	23.2 	58.9 	22.7 	63.5 	5.1 	92.3 	94.5 	89.4 	49.2 	43.1 	83.5 	59.5 	42.4 	79.1 	77.1 	96.3 	52.2 	19.9 	42.8 	58.0 	34.7 	53.4 	67.4 	46.4 	34.7 	93.0 	30.4 	11.7 	90.7 	10.7 	96.2 	51.4 	58.7 	53.6 	15.3 	81.9 	10.4 	15.2 	55.7 	60.9 	25.9 	2.1 	65.0 	85.7 	22.3 	55.1 	86.8 	88.7 	41.5 	59.5 	49.1 	35.9 	64.2 	99.1 	6.8 	51.7 	69.4 	94.3 	29.5 	75.6 	10.9 	41.6 	25.0 	30.2 	62.6 	34.9 	34.4 	2.5 	90.2 	11.1 	43.7 	89.4 	93.8 	71.7 	38.6 	16.2 	25.2 	37.6 	71.1 	22.9 	11.6 	34.1 	43.0 	24.9 	31.7 	26.5 	97.0 	72.9 	54.9 	98.6 	24.6 	87.3 	28.4 	55.0 	7.0 	
61.9 	40.9 	98.9 	8.8 	9.9 	9.0 	29.1 	0.0 	50.1 	47.6 	41.1 	57.3 	11.6 	7.6 	77.4 	15.2 	33.3 	92.7 	59.3 	48.3 	38.5 	36.4 	78.0 	67.9 	3.8 	27.6 	42.2 	36.4 	15.7 	61.8 	49.9 	5.5 	41.8 	60.0 	95.6 	44.7 	91.7 	16.6 	57.4 	29.0 	79.8 	4.2 	99.4 	85.0 	58.5 	48.3 	84.0 	25.1 	50.3 	30.3 	24.8 	9.5 	89.4 	61.5 	97.9 	85.3 	61.9 	51.1 	42.7 	2.1 	56.9 	91.3 	60.8 	54.6 	26.8 	57.8 	59.9 	49.6 	30.7 	1.4 	35.4 	77.1 	73.0 	3.8 	85.6 	97.0 	52.1 	94.4 	95.7 	44.8 	84.5 	90.3 	73.5 	48.2 	76.4 	64.3 	83.0 	81.6 	68.0 	74.6 	6.4 	25.6 	53.8 	71.2 	42.1 	13.4 	35.7 	83.7 	77.5 	30.7 	68.7 	10.7 	25.1 	53.5 	84.4 	65.5 	52.1 	93.5 	92.2 	12.6 	51.8 	78.9 	2.8 	22.6 	55.8 	98.0 	59.0 	35.5 	58.5 	55.7 	61.7 	91.9 	89.7 	87.9 	87.9 	1.3 	47.5 	76.4 	7.9 	32.0 	6.0 	11.1 	93.5 	86.7 	92.6 	34.7 	6.4 	62.8 	17.6 	77.3 	57.4 	62.5 	34.9 	72.9 	81.9 	57.9 	21.2 	94.8 	93.9 	80.8 	99.6 	26.9 	70.5 	79.9 	77.8 	46.8 	30.4 	22.1 	50.5 	64.9 	77.2 	4.7 	15.6 	35.7 	69.5 	30.1 	42.1 	4.9 	80.4 	75.9 	64.1 	73.6 	70.0 	99.4 	99.1 	78.3 	10.6 	98.2 	51.5 	95.5 	19.0 	24.4 	21.2 	62.3 	78.4 	66.3 	8.3 	65.7 	58.2 	12.5 	32.3 	2.1 	17.6 	80.9 	85.4 	91.8 	18.9 	98.6 	52.2 	8.5 	
2.3 	88.4 	31.2 	62.7 	43.8 	49.5 	12.2 	50.1 	0.0 	69.6 	61.1 	90.9 	52.0 	36.4 	36.4 	82.5 	63.8 	35.4 	68.7 	31.3 	54.6 	6.2 	33.0 	1.8 	25.8 	44.6 	77.9 	60.8 	32.5 	59.7 	85.2 	99.8 	3.3 	16.1 	51.3 	29.4 	38.5 	80.9 	27.9 	80.6 	67.7 	39.7 	2.3 	45.8 	60.8 	82.9 	6.5 	24.8 	59.4 	90.2 	58.1 	13.9 	76.0 	45.9 	39.2 	35.2 	74.6 	38.9 	92.4 	98.5 	1.3 	52.8 	22.0 	91.0 	63.5 	26.2 	81.2 	14.0 	22.1 	43.3 	25.3 	64.2 	38.3 	95.7 	15.4 	55.6 	14.8 	6.5 	80.0 	72.2 	8.1 	21.6 	27.4 	33.5 	50.9 	48.2 	43.8 	38.7 	92.7 	18.7 	34.0 	35.0 	71.1 	35.4 	13.0 	92.7 	29.8 	76.9 	69.1 	71.8 	33.2 	45.7 	27.0 	58.6 	35.7 	34.5 	21.1 	90.8 	78.0 	58.8 	80.7 	56.9 	95.9 	13.5 	17.2 	56.0 	90.2 	62.3 	7.5 	92.9 	99.1 	89.3 	1.6 	19.5 	21.0 	44.2 	7.0 	51.3 	1.1 	29.2 	69.8 	91.3 	90.0 	81.9 	12.7 	1.2 	36.4 	76.6 	16.8 	93.4 	75.4 	9.2 	80.8 	88.4 	61.3 	56.6 	35.8 	26.0 	51.5 	66.7 	13.3 	62.1 	97.7 	76.5 	36.7 	38.3 	3.2 	26.9 	67.4 	48.1 	68.4 	37.8 	24.1 	87.2 	51.7 	68.0 	15.3 	70.0 	1.6 	28.6 	98.2 	69.2 	96.7 	96.8 	63.8 	21.5 	18.8 	58.7 	59.8 	76.3 	28.4 	94.8 	76.3 	13.4 	63.5 	83.4 	11.3 	95.8 	8.4 	59.5 	76.9 	89.9 	96.4 	46.4 	92.1 	15.7 	52.4 	70.5 	77.9 	5.9 	
32.1 	87.9 	56.1 	50.2 	72.6 	23.1 	57.2 	47.6 	69.6 	0.0 	21.7 	35.4 	47.3 	35.1 	6.7 	97.5 	3.6 	12.6 	1.6 	17.2 	61.0 	60.4 	31.4 	75.9 	21.3 	19.9 	63.0 	58.4 	91.6 	48.5 	89.8 	11.5 	55.6 	9.1 	53.9 	38.3 	48.6 	19.7 	25.2 	21.0 	59.9 	88.3 	90.7 	10.3 	2.5 	27.5 	23.5 	80.3 	40.5 	96.4 	87.2 	44.6 	11.0 	78.8 	65.2 	55.5 	15.0 	77.5 	94.4 	61.7 	91.9 	47.2 	9.8 	30.7 	87.1 	24.2 	76.6 	44.9 	3.9 	78.7 	35.3 	73.4 	49.7 	85.7 	28.2 	2.9 	87.2 	5.2 	32.0 	91.5 	38.3 	52.1 	6.0 	22.9 	96.7 	68.6 	20.4 	73.1 	26.8 	41.0 	71.4 	63.1 	26.7 	46.7 	28.8 	78.3 	42.1 	89.2 	31.4 	49.8 	79.8 	37.6 	71.2 	97.3 	64.0 	93.2 	75.5 	3.5 	14.1 	15.8 	85.1 	73.6 	53.8 	27.9 	16.9 	51.4 	72.5 	16.2 	37.7 	59.6 	78.2 	52.5 	34.6 	62.8 	18.8 	66.1 	53.4 	61.6 	58.3 	8.5 	20.1 	95.9 	64.2 	80.0 	71.2 	59.0 	46.4 	82.1 	48.2 	14.3 	52.2 	91.1 	57.8 	10.3 	90.7 	65.9 	98.0 	20.3 	15.0 	52.5 	42.6 	38.9 	18.0 	6.6 	99.9 	60.3 	56.0 	51.7 	92.3 	45.5 	72.1 	69.3 	56.0 	96.5 	27.2 	45.3 	91.4 	61.9 	13.9 	68.4 	26.2 	94.6 	94.1 	89.3 	69.7 	75.5 	68.4 	69.8 	73.7 	31.0 	36.9 	79.9 	66.1 	50.3 	6.7 	9.2 	54.7 	78.4 	44.4 	53.1 	70.0 	21.1 	53.5 	46.0 	37.2 	84.4 	57.7 	23.1 	93.0 	20.0 	
39.7 	76.4 	94.5 	1.2 	36.2 	59.9 	9.2 	41.1 	61.1 	21.7 	0.0 	62.6 	70.8 	76.9 	89.9 	82.2 	50.0 	93.3 	68.5 	56.0 	77.3 	73.8 	57.7 	68.7 	37.2 	61.0 	30.1 	63.2 	66.1 	71.2 	12.4 	31.9 	8.4 	1.4 	38.8 	24.7 	26.7 	87.3 	74.3 	92.1 	78.3 	36.5 	66.4 	44.7 	63.0 	58.7 	73.2 	60.7 	32.8 	88.3 	99.2 	18.6 	55.0 	14.3 	83.1 	98.3 	23.3 	91.8 	57.0 	7.7 	30.1 	24.2 	57.8 	27.1 	93.4 	35.2 	28.1 	82.2 	36.1 	10.8 	39.7 	18.6 	95.5 	48.7 	84.4 	13.4 	65.4 	46.6 	7.8 	64.0 	41.8 	95.4 	81.3 	96.6 	53.6 	89.5 	20.8 	42.5 	27.9 	19.4 	44.3 	25.8 	9.2 	24.8 	40.3 	24.3 	58.4 	68.9 	29.0 	50.1 	17.9 	36.1 	52.2 	86.9 	83.9 	37.2 	39.7 	39.6 	78.5 	99.8 	92.4 	82.5 	61.5 	57.7 	52.3 	38.3 	8.0 	56.2 	87.3 	94.6 	83.9 	32.1 	87.5 	99.4 	13.0 	18.7 	75.4 	86.7 	87.0 	58.2 	23.7 	89.6 	43.4 	85.0 	11.6 	1.7 	18.8 	61.0 	21.3 	91.8 	67.3 	60.8 	43.5 	96.2 	34.4 	20.2 	10.8 	13.9 	24.3 	79.4 	51.6 	38.9 	90.5 	4.7 	64.1 	55.7 	71.9 	5.4 	38.4 	39.6 	66.1 	31.6 	66.1 	30.8 	38.0 	77.8 	42.8 	62.8 	99.0 	66.8 	66.0 	55.8 	65.4 	3.7 	8.3 	22.9 	62.6 	42.7 	97.8 	36.8 	73.8 	29.9 	9.4 	14.4 	24.3 	77.2 	8.9 	70.2 	28.3 	90.1 	69.3 	5.9 	8.2 	70.3 	59.6 	52.0 	53.7 	25.0 	83.3 	48.2 	
84.1 	54.6 	88.8 	59.3 	55.4 	31.8 	93.4 	57.3 	90.9 	35.4 	62.6 	0.0 	11.5 	65.0 	57.1 	68.3 	36.1 	36.2 	26.4 	73.0 	37.8 	13.5 	2.9 	22.2 	17.3 	70.4 	11.9 	60.4 	72.3 	7.6 	27.0 	20.9 	3.8 	21.4 	3.3 	14.6 	16.1 	38.6 	33.1 	58.0 	94.7 	43.2 	27.2 	87.0 	56.2 	44.2 	40.0 	50.3 	28.0 	28.5 	37.4 	4.6 	68.7 	24.8 	52.1 	44.7 	89.8 	75.5 	40.9 	95.7 	69.7 	5.9 	28.9 	4.2 	78.9 	69.2 	81.9 	38.8 	80.7 	85.1 	83.1 	60.2 	58.0 	97.9 	97.6 	6.6 	84.5 	49.2 	53.8 	83.4 	11.1 	7.4 	66.5 	87.9 	44.6 	90.0 	8.2 	58.0 	90.5 	33.1 	61.5 	96.3 	36.5 	20.7 	60.0 	85.0 	20.9 	37.7 	81.3 	10.4 	27.1 	88.3 	27.6 	81.4 	8.3 	71.1 	35.0 	15.5 	70.7 	4.4 	44.6 	1.4 	54.5 	3.7 	26.6 	69.3 	53.8 	21.1 	37.9 	19.9 	27.8 	61.2 	20.1 	16.1 	94.3 	13.6 	34.2 	52.6 	46.4 	92.4 	93.6 	82.0 	71.1 	83.9 	39.4 	58.1 	59.4 	24.9 	68.0 	15.5 	32.2 	5.3 	74.6 	98.8 	13.8 	28.7 	77.7 	27.8 	73.5 	63.7 	68.8 	86.6 	90.1 	83.8 	56.3 	33.8 	72.3 	67.1 	79.8 	30.8 	31.5 	13.7 	40.9 	9.4 	62.6 	73.2 	7.5 	94.7 	70.2 	2.8 	76.6 	11.9 	97.4 	81.8 	43.8 	22.5 	18.6 	62.2 	39.7 	25.0 	51.9 	54.6 	2.1 	20.7 	75.8 	45.1 	45.9 	64.2 	80.7 	82.3 	37.4 	24.5 	26.2 	65.3 	90.6 	71.9 	59.6 	42.4 	93.2 	32.5 	
53.4 	51.9 	48.5 	42.7 	79.1 	2.0 	47.3 	11.6 	52.0 	47.3 	70.8 	11.5 	0.0 	15.6 	48.3 	83.4 	22.6 	40.1 	25.5 	6.0 	32.2 	28.5 	4.8 	59.5 	80.9 	70.4 	97.5 	27.8 	39.7 	25.3 	71.4 	76.6 	12.5 	15.3 	90.4 	31.5 	33.6 	22.2 	96.1 	93.9 	81.3 	30.3 	81.6 	42.1 	8.2 	72.5 	96.2 	1.9 	79.1 	79.0 	39.5 	66.4 	38.5 	5.3 	9.3 	77.5 	16.9 	75.7 	45.2 	74.0 	79.2 	39.0 	22.2 	71.5 	75.8 	16.6 	71.0 	81.5 	2.8 	51.0 	72.9 	54.7 	76.4 	13.5 	93.4 	42.5 	59.7 	73.3 	54.6 	97.1 	39.0 	2.3 	53.7 	93.3 	67.1 	59.1 	12.7 	73.7 	66.1 	99.9 	55.6 	13.1 	92.8 	14.7 	83.4 	75.8 	73.5 	77.5 	72.8 	50.4 	78.2 	7.7 	53.7 	28.3 	23.3 	70.6 	62.1 	36.0 	17.2 	74.6 	49.7 	1.1 	45.7 	69.1 	46.2 	97.2 	44.4 	94.5 	54.7 	25.8 	36.7 	77.0 	9.1 	31.6 	55.1 	44.4 	46.2 	8.5 	76.2 	39.7 	78.9 	42.2 	6.1 	98.7 	46.8 	11.6 	5.2 	24.4 	32.0 	62.5 	98.6 	97.0 	92.2 	47.5 	67.6 	35.0 	3.5 	98.7 	7.8 	92.9 	38.2 	74.2 	91.5 	98.7 	21.3 	17.4 	63.6 	55.5 	29.0 	68.6 	13.8 	33.5 	43.3 	41.3 	85.7 	96.3 	12.4 	40.6 	60.2 	57.2 	99.6 	2.8 	42.7 	98.6 	17.6 	52.5 	80.1 	63.4 	32.2 	11.1 	50.2 	58.5 	65.1 	12.5 	46.5 	96.1 	55.5 	48.1 	5.2 	74.0 	21.3 	20.2 	86.5 	86.0 	81.6 	34.9 	53.9 	66.0 	74.2 	70.8 	
89.4 	30.3 	16.5 	77.7 	94.7 	81.2 	4.9 	7.6 	36.4 	35.1 	76.9 	65.0 	15.6 	0.0 	20.7 	77.1 	82.2 	40.4 	88.5 	37.0 	59.4 	23.4 	53.5 	6.1 	68.3 	73.8 	7.7 	25.3 	78.1 	96.3 	10.2 	33.7 	91.7 	59.0 	34.4 	17.0 	11.5 	46.9 	20.0 	95.8 	46.0 	97.0 	73.4 	48.6 	62.8 	56.2 	33.1 	18.3 	62.9 	4.0 	2.5 	33.9 	27.2 	89.1 	19.3 	61.4 	49.7 	66.9 	17.3 	94.9 	33.2 	34.6 	62.7 	97.1 	89.4 	21.1 	1.2 	87.9 	79.4 	74.5 	8.7 	16.2 	19.1 	34.5 	92.7 	30.6 	63.5 	3.2 	83.3 	50.0 	4.1 	41.1 	90.9 	92.9 	83.3 	5.8 	86.3 	73.8 	25.1 	23.7 	38.6 	7.0 	23.1 	74.0 	99.5 	82.1 	22.0 	69.3 	96.1 	68.2 	61.4 	65.2 	73.3 	51.9 	46.9 	88.3 	28.2 	36.0 	17.3 	94.5 	10.1 	24.2 	51.1 	24.8 	26.7 	70.5 	55.1 	37.5 	21.1 	89.6 	61.4 	32.2 	7.1 	24.9 	50.7 	82.0 	67.0 	20.2 	95.6 	97.0 	88.0 	9.4 	93.0 	11.0 	33.4 	65.1 	24.1 	73.8 	43.4 	93.1 	7.7 	58.7 	72.2 	90.4 	70.5 	12.2 	24.4 	37.4 	11.3 	75.4 	64.4 	99.3 	89.7 	68.4 	96.7 	67.4 	76.9 	8.6 	21.9 	65.3 	37.1 	16.0 	36.7 	76.6 	89.4 	60.6 	56.2 	31.9 	75.0 	35.4 	15.9 	41.4 	36.3 	2.1 	93.2 	17.0 	62.5 	51.2 	72.7 	40.2 	29.3 	98.9 	79.1 	2.5 	38.0 	89.8 	76.9 	47.0 	39.8 	63.1 	46.3 	35.7 	46.0 	84.5 	85.6 	29.6 	99.7 	3.8 	3.6 	76.4 	
21.5 	2.4 	63.2 	16.7 	6.2 	91.1 	63.5 	77.4 	36.4 	6.7 	89.9 	57.1 	48.3 	20.7 	0.0 	34.8 	28.5 	99.4 	35.4 	82.2 	47.5 	32.4 	51.2 	27.5 	50.9 	74.8 	61.7 	54.7 	20.3 	38.9 	7.0 	24.5 	44.4 	30.0 	71.3 	46.6 	7.8 	46.8 	86.1 	33.2 	60.9 	25.1 	29.0 	75.1 	63.5 	1.5 	33.9 	42.9 	64.2 	1.1 	66.9 	65.3 	90.1 	4.8 	97.9 	48.7 	46.3 	43.2 	43.0 	72.0 	62.3 	37.1 	84.9 	85.7 	6.4 	13.8 	43.7 	13.1 	30.7 	15.8 	76.3 	1.6 	77.6 	2.2 	6.7 	90.1 	51.5 	54.5 	86.5 	55.0 	59.7 	91.0 	70.5 	41.4 	51.8 	25.6 	84.4 	88.4 	87.5 	86.5 	68.3 	98.3 	95.9 	81.3 	85.8 	62.1 	18.3 	12.7 	46.9 	4.8 	63.3 	38.5 	44.3 	26.2 	67.2 	27.8 	64.3 	73.5 	53.2 	17.5 	59.2 	48.4 	82.0 	6.4 	46.3 	84.3 	39.2 	13.7 	27.0 	45.2 	76.2 	29.5 	42.6 	55.2 	2.2 	18.9 	8.0 	4.1 	87.4 	79.2 	37.3 	66.9 	48.7 	41.1 	27.2 	44.4 	48.2 	61.7 	89.8 	17.4 	33.2 	11.8 	40.4 	45.3 	36.6 	33.0 	96.8 	13.5 	42.4 	61.6 	41.2 	5.5 	7.3 	30.6 	73.0 	25.2 	37.0 	91.3 	32.5 	75.9 	87.8 	10.8 	10.1 	32.1 	21.4 	96.4 	32.5 	95.6 	92.5 	33.7 	54.8 	66.3 	1.8 	65.8 	56.2 	92.7 	62.5 	16.5 	82.9 	33.5 	65.7 	3.9 	68.6 	61.5 	69.5 	75.3 	7.5 	32.6 	52.4 	45.0 	56.4 	19.5 	81.0 	20.4 	39.2 	73.6 	55.1 	75.0 	64.9 	15.7 	
5.6 	63.8 	27.0 	96.5 	71.4 	95.0 	51.6 	15.2 	82.5 	97.5 	82.2 	68.3 	83.4 	77.1 	34.8 	0.0 	94.4 	46.5 	65.4 	77.0 	3.2 	71.8 	15.4 	7.3 	22.2 	11.3 	56.5 	21.7 	38.3 	19.3 	12.1 	44.0 	14.4 	95.9 	89.6 	16.6 	82.4 	59.0 	46.4 	53.8 	69.1 	54.4 	26.3 	1.5 	89.0 	13.5 	97.5 	25.5 	40.5 	45.8 	32.5 	8.3 	61.8 	55.9 	17.1 	85.1 	20.4 	74.6 	34.2 	40.3 	62.3 	82.4 	76.2 	36.4 	96.7 	49.5 	59.8 	10.8 	74.7 	53.1 	69.3 	81.5 	33.9 	55.2 	89.7 	21.5 	31.6 	53.6 	89.8 	9.1 	31.5 	89.5 	98.6 	90.5 	97.6 	11.3 	20.0 	73.8 	2.2 	94.0 	37.7 	26.5 	38.4 	14.3 	20.5 	94.9 	37.7 	93.4 	67.5 	33.0 	97.3 	10.7 	35.8 	41.9 	91.1 	69.0 	1.8 	91.6 	84.3 	43.8 	45.1 	58.4 	9.1 	71.3 	11.0 	5.2 	40.7 	93.3 	81.9 	78.8 	30.1 	95.6 	5.7 	50.2 	96.4 	60.3 	81.4 	96.5 	65.0 	28.2 	85.4 	72.5 	36.5 	22.5 	10.3 	68.6 	41.3 	46.1 	40.0 	13.0 	50.5 	66.3 	74.0 	94.5 	95.8 	40.3 	20.9 	21.5 	64.1 	59.2 	58.9 	44.9 	57.1 	37.7 	51.5 	89.8 	54.6 	54.7 	82.5 	48.4 	8.0 	64.6 	77.0 	87.2 	86.2 	9.4 	85.4 	10.7 	91.4 	90.8 	13.7 	7.6 	60.2 	27.8 	57.1 	71.2 	13.9 	15.7 	37.6 	8.3 	25.2 	79.8 	41.7 	33.0 	31.6 	95.3 	8.0 	50.7 	16.3 	76.5 	83.1 	44.0 	57.6 	53.7 	82.7 	21.6 	11.9 	76.4 	19.3 	8.0 	
65.7 	20.9 	15.3 	85.2 	37.9 	16.8 	16.9 	33.3 	63.8 	3.6 	50.0 	36.1 	22.6 	82.2 	28.5 	94.4 	0.0 	9.8 	22.6 	64.6 	19.8 	99.3 	60.7 	52.5 	97.9 	89.8 	27.2 	94.1 	17.2 	23.6 	77.5 	80.1 	9.4 	52.1 	56.6 	43.0 	65.5 	18.6 	93.1 	33.4 	81.5 	7.3 	48.1 	90.7 	75.3 	97.9 	45.5 	71.9 	96.1 	35.9 	67.5 	47.4 	41.4 	64.0 	95.8 	43.2 	41.0 	12.8 	66.8 	77.3 	89.1 	69.1 	72.8 	42.3 	81.4 	92.6 	66.2 	38.1 	68.3 	25.4 	3.4 	77.6 	42.3 	71.1 	88.6 	82.3 	38.3 	57.2 	57.1 	35.2 	14.8 	8.0 	61.3 	14.5 	24.4 	45.0 	25.2 	60.3 	92.6 	4.2 	17.1 	47.3 	25.6 	53.3 	93.0 	77.3 	44.0 	20.5 	90.0 	94.0 	96.0 	91.6 	50.6 	25.2 	91.3 	70.6 	50.9 	97.1 	83.6 	92.6 	30.4 	7.4 	56.1 	68.3 	8.2 	65.7 	31.2 	96.8 	17.0 	97.5 	66.5 	6.6 	82.7 	46.2 	59.0 	78.0 	86.8 	67.9 	66.7 	14.2 	39.6 	58.1 	64.9 	88.0 	2.8 	72.5 	19.1 	82.7 	15.8 	72.2 	22.1 	55.6 	78.6 	12.4 	86.9 	33.4 	31.4 	90.2 	85.3 	97.1 	46.8 	45.7 	55.7 	89.0 	71.8 	14.0 	33.5 	20.9 	63.4 	39.9 	69.1 	25.2 	4.6 	18.6 	28.2 	95.9 	10.9 	62.5 	9.1 	39.6 	80.6 	57.1 	42.8 	72.1 	85.3 	50.5 	90.2 	35.6 	53.4 	6.6 	30.9 	75.4 	71.1 	89.5 	94.0 	37.8 	1.9 	76.4 	81.4 	88.8 	65.2 	56.0 	94.4 	52.7 	61.7 	23.9 	69.0 	69.9 	48.5 	18.9 	
91.9 	94.6 	5.0 	56.6 	37.2 	45.6 	16.4 	92.7 	35.4 	12.6 	93.3 	36.2 	40.1 	40.4 	99.4 	46.5 	9.8 	0.0 	33.2 	60.5 	79.8 	71.9 	15.9 	67.2 	6.1 	10.6 	19.6 	80.1 	37.0 	75.3 	68.3 	5.7 	63.0 	17.4 	43.2 	17.6 	12.1 	3.4 	21.5 	27.9 	52.2 	68.9 	11.0 	16.1 	28.4 	6.2 	44.1 	77.6 	31.2 	74.3 	80.6 	22.4 	99.9 	19.6 	73.9 	4.5 	54.9 	44.4 	72.2 	30.2 	45.3 	38.5 	12.5 	21.7 	68.9 	23.8 	88.5 	88.1 	60.3 	58.3 	41.1 	17.8 	28.8 	20.7 	38.3 	37.1 	70.4 	24.0 	17.3 	62.6 	90.0 	81.4 	3.2 	52.5 	44.4 	94.7 	73.8 	16.3 	79.7 	88.9 	30.4 	25.2 	94.8 	11.7 	66.2 	72.5 	93.4 	13.4 	2.5 	41.1 	81.3 	97.3 	60.0 	65.7 	16.0 	59.0 	91.7 	29.1 	47.6 	26.5 	77.7 	19.8 	9.9 	52.6 	39.7 	35.2 	95.7 	55.9 	66.4 	76.9 	21.9 	8.1 	55.5 	69.3 	14.5 	71.2 	15.2 	29.0 	48.5 	85.5 	73.2 	43.7 	71.4 	59.9 	5.2 	74.8 	11.3 	88.8 	5.1 	42.3 	66.9 	4.4 	44.1 	46.2 	58.6 	59.9 	34.3 	77.3 	98.7 	80.9 	31.6 	98.8 	79.7 	33.9 	49.9 	88.4 	79.3 	77.8 	37.2 	24.4 	13.4 	57.6 	56.5 	18.9 	52.7 	94.4 	32.0 	67.6 	65.7 	95.0 	92.3 	11.3 	22.8 	63.2 	79.0 	51.3 	14.4 	98.2 	81.9 	83.0 	98.6 	10.7 	32.9 	65.6 	75.0 	19.0 	52.1 	52.0 	12.9 	24.8 	11.1 	39.2 	17.6 	15.9 	79.1 	46.5 	34.3 	93.1 	66.8 	12.1 	
37.5 	27.6 	54.9 	81.5 	95.9 	44.8 	96.3 	59.3 	68.7 	1.6 	68.5 	26.4 	25.5 	88.5 	35.4 	65.4 	22.6 	33.2 	0.0 	75.2 	56.2 	30.0 	23.7 	63.7 	89.4 	12.6 	73.9 	31.2 	11.8 	47.2 	56.4 	90.6 	69.8 	40.8 	65.3 	46.5 	61.4 	48.3 	17.5 	34.0 	23.2 	21.0 	93.9 	37.7 	66.5 	6.0 	53.8 	44.6 	3.0 	16.9 	87.1 	85.8 	55.0 	40.6 	30.1 	6.0 	78.9 	69.1 	98.8 	90.1 	50.5 	11.4 	45.8 	81.8 	19.3 	30.5 	47.8 	21.8 	82.0 	53.3 	50.2 	55.0 	30.7 	62.0 	78.2 	95.0 	90.7 	2.1 	16.1 	73.8 	88.4 	90.9 	60.7 	39.5 	45.0 	33.7 	49.1 	68.3 	36.2 	29.6 	27.9 	64.7 	29.7 	39.9 	64.4 	38.7 	69.6 	61.3 	75.3 	47.3 	30.2 	30.3 	81.2 	85.1 	54.8 	29.0 	54.1 	72.9 	42.9 	64.4 	14.1 	32.6 	6.4 	50.9 	81.7 	82.5 	69.4 	15.3 	66.7 	33.8 	16.5 	58.9 	14.0 	18.9 	8.2 	26.3 	26.4 	44.3 	6.6 	71.0 	17.6 	63.2 	75.8 	10.3 	71.6 	64.3 	32.1 	86.8 	41.8 	84.8 	51.8 	79.0 	97.2 	23.8 	57.7 	19.3 	46.1 	26.9 	70.7 	69.4 	42.2 	64.6 	45.5 	15.3 	97.3 	17.0 	23.4 	19.5 	32.9 	11.8 	61.3 	86.4 	94.5 	33.8 	61.5 	9.3 	65.9 	44.3 	32.6 	31.5 	47.2 	56.9 	74.5 	74.9 	16.7 	59.2 	67.9 	61.7 	93.9 	7.3 	34.4 	81.1 	51.9 	66.2 	93.0 	66.6 	33.1 	43.0 	23.2 	38.7 	23.9 	76.5 	2.5 	28.4 	68.9 	92.5 	14.2 	21.9 	51.9 	87.4 	
43.6 	93.3 	51.7 	63.1 	20.8 	18.8 	38.3 	48.3 	31.3 	17.2 	56.0 	73.0 	6.0 	37.0 	82.2 	77.0 	64.6 	60.5 	75.2 	0.0 	38.7 	94.7 	79.5 	12.7 	54.9 	44.2 	70.7 	23.4 	28.4 	52.2 	48.7 	53.3 	56.0 	34.4 	90.6 	75.2 	77.6 	32.0 	85.2 	29.7 	25.7 	51.9 	55.5 	49.4 	94.6 	37.7 	37.4 	28.9 	42.5 	50.8 	53.5 	25.4 	10.7 	56.4 	29.8 	86.9 	49.7 	40.9 	79.9 	98.1 	88.7 	2.4 	96.9 	8.2 	92.6 	37.6 	84.3 	6.4 	57.5 	95.4 	47.2 	52.8 	16.0 	69.5 	77.2 	89.1 	2.9 	6.6 	5.5 	82.2 	9.6 	6.4 	61.5 	52.4 	76.2 	96.4 	38.4 	92.1 	84.3 	36.8 	85.2 	9.0 	20.4 	43.4 	71.9 	28.0 	5.4 	3.2 	49.1 	9.0 	50.6 	32.5 	57.3 	99.0 	21.7 	60.7 	5.8 	82.4 	35.2 	27.9 	5.5 	89.8 	92.5 	51.9 	31.7 	7.6 	28.0 	71.5 	32.8 	73.5 	45.5 	37.7 	79.2 	14.8 	25.7 	30.7 	41.9 	61.2 	68.0 	63.1 	18.4 	80.7 	62.7 	31.7 	22.1 	83.7 	35.0 	29.7 	9.9 	97.3 	92.2 	15.9 	90.6 	62.9 	82.3 	87.6 	19.7 	70.9 	57.7 	82.5 	7.1 	21.1 	44.3 	3.1 	54.0 	100.0 	60.3 	56.8 	25.3 	20.3 	94.2 	68.9 	98.6 	14.8 	78.9 	20.2 	82.6 	89.7 	95.7 	35.5 	28.7 	21.9 	1.2 	52.8 	63.5 	96.2 	74.5 	65.5 	37.0 	29.4 	79.6 	66.8 	15.5 	44.8 	24.1 	13.6 	7.5 	99.7 	38.5 	37.0 	33.3 	65.5 	71.7 	71.8 	41.3 	89.4 	24.2 	89.8 	21.7 	50.3 	
23.3 	67.3 	24.3 	56.3 	97.2 	24.0 	92.4 	38.5 	54.6 	61.0 	77.3 	37.8 	32.2 	59.4 	47.5 	3.2 	19.8 	79.8 	56.2 	38.7 	0.0 	97.4 	78.6 	16.6 	47.9 	26.0 	25.8 	82.3 	52.5 	24.3 	12.3 	79.8 	43.2 	16.7 	62.2 	99.9 	94.8 	53.4 	22.6 	43.3 	99.7 	75.2 	31.1 	56.1 	29.6 	61.0 	17.5 	89.2 	61.6 	53.1 	49.7 	19.9 	9.0 	54.9 	51.2 	74.4 	45.1 	23.9 	27.7 	21.2 	27.6 	20.5 	96.0 	3.9 	6.9 	97.1 	14.7 	45.1 	5.9 	20.8 	49.1 	19.1 	18.7 	66.4 	40.8 	93.2 	73.4 	63.9 	75.2 	66.0 	11.7 	45.7 	30.4 	37.0 	20.0 	10.4 	47.9 	96.9 	67.0 	13.3 	13.7 	7.9 	24.7 	56.0 	42.6 	50.7 	88.6 	15.2 	81.8 	22.8 	78.8 	17.1 	88.8 	70.0 	4.7 	84.9 	54.2 	13.3 	80.5 	77.6 	79.8 	56.4 	80.9 	57.3 	10.0 	69.4 	63.2 	18.7 	63.4 	81.1 	51.2 	37.4 	60.1 	12.5 	90.7 	17.1 	42.3 	61.0 	79.7 	33.6 	59.2 	62.6 	97.5 	93.5 	54.4 	84.8 	61.0 	95.4 	11.2 	56.7 	83.9 	3.9 	22.0 	83.4 	9.0 	46.5 	39.1 	81.0 	44.9 	26.3 	46.8 	54.6 	97.5 	32.7 	30.5 	35.1 	53.5 	17.7 	37.2 	68.2 	80.6 	30.1 	92.2 	82.3 	29.6 	56.9 	39.6 	79.3 	57.5 	66.9 	92.5 	59.8 	95.0 	19.0 	16.6 	43.6 	5.4 	82.9 	96.3 	27.7 	30.2 	58.6 	18.4 	55.8 	55.4 	4.3 	40.6 	80.9 	36.0 	15.1 	32.8 	98.8 	4.7 	48.8 	9.3 	10.8 	10.4 	27.0 	55.6 	22.5 	
19.5 	42.4 	26.1 	85.1 	55.4 	64.1 	48.1 	36.4 	6.2 	60.4 	73.8 	13.5 	28.5 	23.4 	32.4 	71.8 	99.3 	71.9 	30.0 	94.7 	97.4 	0.0 	22.7 	68.0 	2.1 	42.3 	40.1 	38.6 	92.2 	74.0 	69.3 	42.7 	21.1 	30.6 	40.3 	68.0 	5.6 	42.1 	33.7 	85.4 	45.8 	69.2 	1.5 	33.2 	46.9 	62.8 	79.6 	94.7 	61.5 	71.9 	53.3 	49.8 	7.9 	45.7 	49.2 	94.7 	65.8 	78.6 	97.8 	66.3 	38.1 	95.1 	49.1 	18.1 	3.9 	24.8 	83.1 	61.6 	46.6 	33.8 	62.8 	25.4 	53.1 	16.8 	29.6 	68.9 	83.7 	64.4 	90.8 	86.8 	77.5 	33.3 	95.0 	57.4 	92.3 	46.8 	56.9 	88.8 	22.7 	17.5 	14.0 	70.3 	56.9 	51.6 	61.3 	78.8 	68.9 	20.7 	96.7 	74.2 	61.6 	58.1 	31.8 	88.3 	63.6 	18.0 	5.9 	83.6 	79.2 	85.3 	71.0 	96.1 	5.1 	99.7 	24.0 	98.6 	86.5 	78.5 	36.5 	10.4 	40.4 	29.6 	6.4 	39.7 	19.7 	3.1 	97.5 	51.2 	29.1 	65.1 	39.4 	63.1 	8.2 	71.6 	32.1 	68.9 	45.7 	39.1 	28.9 	68.5 	42.4 	89.8 	53.2 	88.1 	66.6 	75.8 	20.8 	18.9 	18.1 	65.5 	12.4 	45.9 	57.3 	67.0 	35.7 	31.3 	44.2 	58.2 	80.7 	34.3 	88.0 	21.4 	91.6 	18.0 	48.7 	17.9 	29.3 	55.9 	18.4 	82.0 	67.7 	3.5 	25.9 	35.0 	11.0 	78.8 	63.3 	79.5 	57.5 	53.7 	79.7 	97.2 	42.7 	89.7 	31.9 	8.0 	98.1 	2.0 	78.9 	97.3 	10.6 	34.8 	53.9 	24.1 	55.3 	35.5 	44.8 	34.6 	89.9 	98.7 	
96.7 	47.1 	17.1 	7.4 	60.8 	14.2 	23.4 	78.0 	33.0 	31.4 	57.7 	2.9 	4.8 	53.5 	51.2 	15.4 	60.7 	15.9 	23.7 	79.5 	78.6 	22.7 	0.0 	24.2 	78.9 	79.7 	3.4 	80.1 	50.6 	58.5 	26.0 	92.5 	97.6 	10.4 	60.8 	49.8 	23.1 	58.2 	47.7 	72.6 	96.2 	58.8 	94.2 	14.9 	91.0 	11.3 	83.5 	8.4 	28.4 	81.5 	74.4 	85.2 	57.5 	81.1 	40.1 	7.8 	33.2 	46.6 	47.2 	92.8 	24.1 	83.3 	15.6 	10.9 	56.1 	62.3 	55.9 	10.4 	14.5 	21.8 	42.6 	18.5 	86.9 	4.9 	58.4 	13.5 	84.3 	23.1 	90.1 	1.2 	1.6 	35.9 	69.8 	93.7 	80.7 	28.7 	23.2 	95.5 	68.2 	52.4 	82.6 	96.2 	47.1 	95.9 	48.6 	28.9 	78.9 	86.8 	41.2 	66.6 	72.4 	59.0 	92.4 	28.1 	75.4 	2.9 	40.5 	15.4 	89.1 	99.5 	45.8 	99.6 	17.0 	40.6 	8.7 	96.7 	99.8 	43.9 	85.1 	73.9 	54.4 	79.5 	46.8 	50.3 	88.9 	71.9 	13.4 	80.4 	56.5 	57.8 	20.6 	57.7 	51.0 	22.2 	20.2 	59.6 	71.6 	9.0 	30.9 	99.9 	38.9 	29.0 	28.6 	59.8 	29.4 	78.1 	33.8 	87.3 	60.6 	43.6 	88.2 	60.3 	76.4 	60.1 	52.9 	3.6 	96.5 	89.1 	81.3 	7.3 	62.1 	76.2 	53.2 	91.6 	3.7 	52.0 	11.7 	94.1 	31.8 	57.3 	87.8 	55.5 	73.2 	40.6 	29.8 	3.6 	24.6 	13.8 	59.5 	10.9 	82.5 	63.1 	54.9 	35.9 	15.3 	20.3 	27.9 	1.3 	5.0 	57.7 	25.2 	42.2 	65.7 	57.4 	83.8 	39.6 	9.8 	89.2 	38.7 	13.2 	
31.9 	8.1 	68.0 	56.5 	98.3 	42.5 	20.1 	67.9 	1.8 	75.9 	68.7 	22.2 	59.5 	6.1 	27.5 	7.3 	52.5 	67.2 	63.7 	12.7 	16.6 	68.0 	24.2 	0.0 	25.0 	60.4 	49.7 	47.7 	81.1 	3.8 	7.7 	93.9 	6.8 	55.9 	79.4 	59.0 	53.9 	31.2 	45.7 	42.8 	72.1 	85.9 	1.0 	70.6 	13.1 	11.9 	72.4 	40.8 	53.6 	98.0 	72.8 	36.6 	76.9 	81.0 	88.1 	91.9 	79.8 	32.3 	7.2 	1.7 	63.6 	6.4 	82.3 	12.2 	81.6 	96.6 	94.5 	99.8 	79.9 	87.7 	18.5 	77.7 	82.3 	45.3 	80.3 	39.4 	37.6 	28.7 	57.5 	34.6 	78.9 	24.4 	98.4 	78.8 	48.6 	33.9 	16.2 	8.4 	31.3 	76.5 	59.1 	86.7 	38.9 	63.4 	36.5 	12.0 	56.6 	37.0 	15.5 	15.1 	49.0 	57.5 	28.1 	73.1 	71.8 	34.4 	68.8 	35.2 	99.7 	84.3 	30.5 	26.9 	38.5 	1.9 	74.9 	8.8 	54.8 	3.9 	98.1 	64.8 	38.1 	19.5 	48.9 	28.8 	20.2 	99.5 	92.1 	67.8 	92.5 	43.4 	16.2 	57.0 	23.3 	6.4 	67.7 	62.0 	60.6 	58.0 	87.5 	43.0 	85.5 	54.4 	53.4 	9.3 	96.2 	43.3 	14.5 	23.5 	35.5 	13.1 	47.2 	45.7 	89.3 	16.2 	67.8 	62.2 	15.3 	52.2 	20.0 	7.6 	75.6 	63.8 	50.1 	24.9 	13.1 	16.4 	97.5 	49.4 	25.4 	49.3 	85.8 	68.3 	69.8 	60.5 	68.1 	31.1 	36.0 	36.7 	56.4 	12.7 	98.8 	2.9 	47.6 	45.0 	55.9 	39.5 	80.5 	10.6 	74.8 	88.7 	3.7 	17.0 	78.7 	69.1 	85.7 	35.6 	13.2 	31.7 	89.0 	32.5 	
46.0 	46.8 	56.8 	32.3 	83.7 	19.2 	3.9 	3.8 	25.8 	21.3 	37.2 	17.3 	80.9 	68.3 	50.9 	22.2 	97.9 	6.1 	89.4 	54.9 	47.9 	2.1 	78.9 	25.0 	0.0 	64.0 	69.8 	27.5 	54.1 	7.2 	85.2 	38.6 	28.8 	17.5 	67.5 	60.1 	59.6 	1.1 	79.4 	88.5 	95.9 	34.8 	33.3 	40.3 	79.5 	56.2 	95.7 	34.0 	63.3 	89.8 	63.1 	70.9 	20.1 	10.5 	78.8 	13.0 	25.6 	77.7 	86.6 	79.0 	14.5 	97.2 	35.1 	59.3 	8.5 	21.4 	3.5 	53.3 	15.9 	79.7 	50.0 	49.1 	11.6 	28.6 	27.1 	78.8 	36.0 	70.7 	48.4 	90.0 	24.8 	72.3 	96.0 	54.0 	56.0 	50.3 	92.6 	28.3 	36.5 	63.2 	46.0 	63.8 	73.1 	27.9 	30.5 	88.7 	10.3 	68.2 	36.9 	34.6 	69.4 	59.6 	15.6 	28.6 	56.5 	56.3 	65.8 	97.1 	28.1 	72.1 	63.3 	91.4 	99.9 	82.8 	51.9 	87.8 	3.1 	60.3 	82.4 	53.9 	23.2 	94.4 	26.6 	22.4 	85.5 	80.3 	83.2 	38.2 	68.6 	46.3 	3.3 	61.8 	96.2 	5.0 	86.0 	49.9 	87.5 	91.0 	15.8 	64.8 	99.6 	33.9 	6.4 	99.4 	73.7 	63.3 	31.0 	89.6 	13.1 	84.5 	21.3 	60.0 	28.3 	83.5 	69.5 	55.0 	80.2 	78.5 	69.0 	72.5 	3.7 	98.4 	7.8 	23.7 	42.9 	89.6 	60.9 	65.5 	23.9 	67.9 	96.2 	59.3 	15.1 	18.7 	67.9 	50.3 	14.3 	79.4 	82.9 	60.1 	69.7 	5.3 	8.7 	34.7 	29.6 	93.2 	68.5 	79.0 	92.4 	48.8 	82.1 	93.7 	80.3 	58.8 	14.8 	97.5 	2.2 	35.1 	43.4 	7.0 	
34.2 	57.9 	85.0 	1.9 	86.1 	55.8 	26.5 	27.6 	44.6 	19.9 	61.0 	70.4 	70.4 	73.8 	74.8 	11.3 	89.8 	10.6 	12.6 	44.2 	26.0 	42.3 	79.7 	60.4 	64.0 	0.0 	48.6 	34.3 	36.6 	21.7 	40.4 	69.5 	91.8 	60.9 	7.4 	83.6 	4.9 	96.7 	3.0 	51.1 	56.7 	12.3 	38.7 	44.5 	43.4 	7.2 	3.1 	33.6 	69.4 	1.1 	36.3 	64.0 	83.3 	14.4 	76.6 	11.3 	61.4 	49.9 	4.4 	34.3 	77.0 	78.8 	15.4 	48.3 	18.6 	82.8 	75.0 	94.4 	62.7 	18.5 	90.7 	78.7 	88.9 	50.1 	69.0 	33.8 	5.7 	55.3 	62.7 	44.4 	14.7 	73.2 	32.0 	59.1 	73.8 	87.8 	4.7 	99.2 	98.3 	45.0 	80.1 	94.9 	15.1 	4.1 	97.5 	68.3 	33.9 	92.9 	50.0 	48.6 	25.5 	57.1 	64.9 	68.4 	93.5 	62.9 	96.3 	65.2 	75.4 	36.2 	31.5 	99.5 	70.9 	82.9 	7.7 	97.4 	87.2 	83.9 	38.2 	1.6 	10.4 	74.1 	93.6 	87.0 	54.6 	51.4 	40.4 	11.6 	92.7 	51.2 	10.1 	45.1 	90.0 	59.2 	88.1 	38.0 	31.5 	8.4 	54.5 	99.7 	78.1 	44.5 	30.3 	68.1 	96.0 	67.3 	44.6 	64.0 	11.1 	45.8 	54.8 	44.3 	59.8 	86.6 	26.9 	17.5 	84.6 	25.9 	89.8 	83.6 	82.3 	41.7 	92.8 	17.3 	74.0 	97.7 	98.8 	27.4 	7.8 	4.2 	55.7 	24.9 	83.4 	28.9 	16.5 	55.9 	54.6 	82.3 	65.1 	42.7 	57.6 	95.9 	80.2 	35.5 	46.9 	33.6 	7.8 	66.5 	96.4 	47.6 	48.3 	4.6 	13.8 	79.2 	72.4 	75.8 	7.4 	51.3 	99.7 	91.3 	
26.0 	45.3 	44.3 	14.4 	10.3 	25.3 	18.7 	42.2 	77.9 	63.0 	30.1 	11.9 	97.5 	7.7 	61.7 	56.5 	27.2 	19.6 	73.9 	70.7 	25.8 	40.1 	3.4 	49.7 	69.8 	48.6 	0.0 	89.8 	98.7 	75.2 	36.4 	2.6 	99.0 	52.7 	96.3 	76.4 	98.8 	86.0 	64.9 	90.7 	4.3 	72.5 	54.1 	76.4 	16.0 	17.2 	51.1 	87.9 	9.0 	46.1 	59.1 	22.2 	19.9 	59.1 	67.9 	50.8 	92.0 	85.7 	21.0 	30.2 	3.3 	4.8 	99.7 	22.9 	78.1 	90.6 	33.5 	53.7 	16.3 	86.3 	31.6 	66.3 	42.8 	93.1 	84.3 	56.7 	36.2 	68.8 	92.6 	89.8 	99.0 	77.1 	69.4 	42.9 	51.5 	13.4 	4.9 	61.1 	62.0 	36.2 	3.2 	79.9 	91.8 	62.2 	32.3 	70.1 	97.8 	66.3 	42.7 	47.7 	41.6 	75.4 	1.9 	78.5 	26.6 	30.7 	48.4 	28.1 	72.5 	33.4 	72.9 	41.8 	27.4 	94.6 	22.0 	98.8 	59.1 	7.6 	55.4 	70.0 	44.2 	42.5 	85.2 	90.6 	60.8 	99.2 	43.1 	92.0 	76.3 	81.2 	8.6 	54.1 	83.6 	8.1 	87.7 	95.1 	73.9 	27.6 	39.6 	93.3 	71.3 	24.5 	26.5 	46.4 	43.0 	79.7 	43.0 	75.7 	27.1 	99.2 	64.1 	44.9 	8.2 	83.1 	20.9 	81.4 	96.5 	36.5 	41.6 	39.7 	98.8 	64.4 	59.9 	28.8 	9.5 	18.0 	12.8 	2.4 	42.2 	85.2 	5.6 	83.8 	80.8 	94.7 	67.0 	43.1 	65.4 	92.9 	52.9 	14.9 	46.4 	26.2 	19.4 	30.6 	76.2 	20.3 	28.9 	91.7 	46.3 	38.2 	94.7 	70.3 	97.6 	14.2 	40.0 	97.9 	26.5 	53.8 	83.3 	97.0 	
38.5 	16.0 	3.8 	70.9 	91.2 	89.6 	32.8 	36.4 	60.8 	58.4 	63.2 	60.4 	27.8 	25.3 	54.7 	21.7 	94.1 	80.1 	31.2 	23.4 	82.3 	38.6 	80.1 	47.7 	27.5 	34.3 	89.8 	0.0 	28.5 	16.0 	8.7 	93.7 	53.0 	71.6 	26.6 	88.1 	80.8 	46.1 	21.7 	96.4 	22.2 	39.6 	78.4 	64.9 	53.6 	88.9 	36.9 	41.6 	57.7 	78.6 	6.6 	45.0 	53.8 	46.9 	45.8 	51.1 	98.1 	37.9 	83.1 	47.2 	22.1 	68.7 	22.5 	2.5 	74.3 	61.9 	46.2 	69.2 	71.4 	87.2 	48.0 	42.9 	14.2 	92.3 	75.6 	6.3 	67.8 	83.7 	96.1 	69.6 	40.4 	63.6 	94.8 	59.3 	16.0 	86.6 	95.2 	31.6 	61.7 	82.7 	78.1 	57.0 	58.8 	20.8 	88.3 	63.0 	47.2 	5.8 	13.3 	77.6 	99.4 	77.9 	11.2 	94.7 	40.5 	1.7 	71.6 	59.5 	81.0 	61.9 	63.2 	86.7 	58.3 	61.4 	21.5 	62.1 	67.6 	61.6 	85.8 	61.7 	80.9 	94.3 	79.3 	18.4 	10.5 	81.0 	99.4 	4.1 	52.2 	35.4 	46.7 	10.8 	73.3 	43.9 	99.5 	52.4 	96.7 	76.3 	67.0 	94.0 	50.6 	46.5 	77.6 	25.9 	95.5 	22.9 	14.2 	78.2 	90.1 	67.4 	64.5 	92.9 	69.1 	96.1 	93.9 	77.8 	55.5 	26.5 	46.9 	3.4 	3.4 	92.3 	41.8 	89.9 	38.2 	13.5 	6.8 	10.8 	87.3 	44.6 	28.9 	52.5 	77.0 	91.9 	47.0 	27.0 	47.6 	70.0 	75.8 	53.1 	94.1 	36.0 	92.0 	64.3 	78.2 	54.0 	53.1 	39.8 	67.0 	55.6 	1.5 	32.7 	80.3 	47.5 	96.4 	99.1 	63.6 	52.3 	74.9 	76.5 	
39.8 	28.7 	58.3 	17.4 	85.8 	94.0 	14.1 	15.7 	32.5 	91.6 	66.1 	72.3 	39.7 	78.1 	20.3 	38.3 	17.2 	37.0 	11.8 	28.4 	52.5 	92.2 	50.6 	81.1 	54.1 	36.6 	98.7 	28.5 	0.0 	16.6 	15.6 	38.8 	77.4 	17.2 	40.5 	7.5 	52.0 	58.3 	95.4 	81.1 	2.0 	9.1 	35.6 	58.9 	34.9 	44.2 	35.7 	61.7 	15.8 	72.0 	52.5 	32.2 	38.6 	99.0 	45.6 	66.5 	36.9 	28.2 	37.0 	89.5 	30.2 	19.2 	12.4 	2.8 	75.6 	27.2 	35.9 	61.2 	71.2 	10.1 	45.1 	55.8 	98.6 	43.8 	85.9 	26.2 	42.0 	26.3 	70.7 	68.3 	96.4 	75.5 	2.2 	8.9 	86.0 	86.2 	94.7 	39.5 	43.4 	65.3 	35.8 	63.2 	6.6 	69.2 	52.1 	41.4 	12.5 	79.5 	37.2 	93.0 	30.1 	73.5 	50.9 	47.7 	65.8 	47.9 	75.1 	91.2 	68.0 	28.1 	76.9 	4.3 	41.4 	8.5 	61.0 	30.3 	91.9 	2.9 	72.0 	70.4 	54.1 	63.0 	21.4 	96.9 	34.4 	33.3 	92.0 	37.0 	77.5 	39.4 	72.5 	85.8 	97.3 	60.1 	23.7 	65.7 	73.9 	78.0 	19.4 	91.7 	83.1 	96.9 	68.7 	46.9 	11.9 	89.7 	45.5 	61.3 	36.9 	61.8 	8.8 	39.4 	60.3 	39.7 	45.4 	13.9 	18.3 	66.4 	74.2 	43.1 	56.2 	60.9 	69.9 	27.4 	71.6 	62.1 	66.2 	49.0 	47.1 	20.5 	56.1 	60.8 	66.6 	71.1 	11.7 	54.5 	99.6 	19.8 	62.4 	35.0 	71.5 	9.3 	37.4 	41.2 	71.4 	62.0 	74.7 	43.6 	19.9 	86.4 	25.1 	48.2 	3.4 	91.9 	37.0 	4.5 	70.8 	65.6 	33.1 	37.7 	
1.6 	10.4 	39.7 	85.7 	93.6 	41.1 	99.5 	61.8 	59.7 	48.5 	71.2 	7.6 	25.3 	96.3 	38.9 	19.3 	23.6 	75.3 	47.2 	52.2 	24.3 	74.0 	58.5 	3.8 	7.2 	21.7 	75.2 	16.0 	16.6 	0.0 	35.7 	30.8 	99.3 	53.5 	88.2 	9.4 	29.1 	60.0 	65.3 	60.6 	17.6 	44.1 	32.4 	99.2 	73.1 	2.2 	1.7 	94.4 	4.3 	57.3 	42.9 	3.1 	49.9 	83.2 	34.8 	93.9 	94.9 	96.6 	21.8 	29.1 	57.0 	5.6 	49.0 	50.7 	85.1 	34.5 	74.6 	9.4 	96.9 	24.0 	67.7 	21.2 	70.9 	40.6 	6.3 	29.0 	93.9 	65.1 	28.3 	69.1 	75.1 	38.5 	84.9 	99.1 	23.9 	55.0 	51.8 	75.0 	63.2 	93.7 	67.3 	79.0 	10.6 	75.5 	37.6 	19.1 	30.8 	81.9 	27.6 	17.7 	93.0 	7.3 	86.0 	82.2 	16.8 	44.6 	55.5 	26.0 	8.8 	40.1 	37.2 	55.3 	85.2 	17.2 	94.3 	16.9 	93.0 	36.3 	6.9 	54.5 	40.7 	29.6 	77.1 	54.3 	46.2 	71.8 	31.1 	72.1 	29.1 	83.1 	57.3 	39.5 	51.6 	8.1 	94.9 	68.0 	34.9 	18.2 	77.9 	17.2 	92.6 	82.2 	56.7 	83.0 	51.6 	95.5 	67.3 	61.3 	48.3 	71.5 	64.4 	21.0 	62.3 	10.7 	49.3 	90.8 	55.2 	39.1 	63.6 	37.6 	93.2 	24.5 	24.9 	98.3 	39.6 	30.7 	91.3 	49.7 	89.7 	30.5 	80.2 	89.7 	86.0 	54.4 	58.7 	52.6 	76.5 	85.2 	24.9 	68.0 	99.5 	87.4 	17.7 	15.8 	44.0 	61.6 	32.7 	9.8 	21.7 	41.2 	47.0 	8.8 	11.6 	34.0 	9.3 	95.8 	36.0 	91.7 	32.8 	34.4 	
81.2 	56.4 	24.9 	57.4 	57.5 	75.6 	98.2 	49.9 	85.2 	89.8 	12.4 	27.0 	71.4 	10.2 	7.0 	12.1 	77.5 	68.3 	56.4 	48.7 	12.3 	69.3 	26.0 	7.7 	85.2 	40.4 	36.4 	8.7 	15.6 	35.7 	0.0 	46.4 	32.3 	52.7 	49.2 	38.8 	28.4 	80.2 	45.7 	54.1 	74.0 	53.1 	21.6 	76.4 	41.2 	32.1 	23.2 	69.1 	88.5 	60.3 	99.9 	52.5 	59.9 	36.3 	68.5 	5.7 	11.8 	23.8 	55.6 	35.5 	81.7 	6.8 	14.0 	29.8 	88.2 	63.0 	80.1 	12.5 	15.3 	68.6 	30.1 	33.2 	67.2 	33.9 	7.0 	93.0 	59.8 	70.0 	87.7 	64.2 	12.5 	86.3 	55.6 	21.4 	25.5 	95.0 	4.1 	89.4 	77.8 	11.9 	84.4 	52.1 	48.0 	18.7 	92.7 	18.0 	74.5 	81.0 	78.4 	73.2 	62.5 	35.2 	31.3 	78.4 	79.2 	3.9 	90.7 	75.6 	80.3 	80.5 	46.8 	55.1 	7.6 	57.5 	22.3 	95.0 	27.6 	85.5 	83.7 	15.6 	97.7 	70.7 	82.3 	56.9 	82.9 	35.8 	25.1 	33.8 	28.0 	95.2 	57.4 	76.9 	4.0 	54.7 	42.4 	63.6 	8.1 	58.4 	31.4 	7.1 	41.4 	81.2 	35.0 	66.1 	87.6 	56.6 	67.3 	3.8 	32.7 	48.3 	88.4 	41.9 	89.8 	52.7 	80.0 	36.8 	71.5 	97.9 	55.7 	98.0 	56.7 	12.7 	44.1 	71.5 	61.9 	61.0 	34.1 	54.0 	33.3 	29.3 	68.8 	92.9 	14.9 	42.5 	43.2 	77.3 	28.4 	4.8 	17.0 	27.2 	53.7 	13.5 	77.5 	64.3 	89.9 	66.3 	46.7 	92.4 	55.9 	22.4 	54.9 	60.5 	91.4 	72.9 	83.3 	95.4 	81.1 	87.0 	11.5 	26.9 	
57.9 	91.8 	59.5 	2.3 	19.1 	36.3 	71.2 	5.5 	99.8 	11.5 	31.9 	20.9 	76.6 	33.7 	24.5 	44.0 	80.1 	5.7 	90.6 	53.3 	79.8 	42.7 	92.5 	93.9 	38.6 	69.5 	2.6 	93.7 	38.8 	30.8 	46.4 	0.0 	98.9 	20.5 	73.9 	26.3 	65.6 	60.3 	9.8 	57.2 	45.7 	94.3 	67.3 	33.3 	64.4 	58.7 	97.7 	63.8 	40.6 	11.3 	71.0 	18.6 	6.2 	73.1 	68.0 	15.3 	17.9 	50.3 	82.4 	14.4 	36.8 	67.0 	97.1 	20.8 	91.0 	21.6 	30.1 	35.5 	29.0 	82.2 	19.1 	30.4 	60.3 	71.3 	58.9 	58.2 	71.7 	64.4 	89.2 	92.3 	46.3 	28.5 	41.1 	81.7 	68.5 	39.5 	84.6 	58.1 	54.8 	65.5 	83.0 	63.7 	14.2 	54.4 	36.4 	3.9 	35.8 	54.4 	93.9 	45.3 	90.0 	23.2 	90.2 	85.0 	91.0 	80.8 	70.7 	37.0 	50.5 	72.2 	23.9 	80.1 	33.3 	13.5 	72.9 	29.0 	84.9 	40.4 	99.6 	26.3 	9.5 	8.1 	18.5 	10.8 	9.7 	29.0 	56.5 	94.2 	95.4 	83.5 	77.3 	36.0 	43.8 	34.7 	67.3 	57.5 	9.2 	99.2 	61.3 	84.4 	22.5 	38.1 	77.0 	20.8 	51.5 	60.3 	87.2 	85.3 	55.4 	24.0 	7.5 	4.6 	61.3 	49.2 	59.9 	96.7 	44.1 	60.6 	39.3 	53.4 	28.8 	22.8 	29.3 	38.6 	80.3 	84.1 	49.0 	3.1 	74.3 	39.8 	95.4 	51.4 	75.6 	22.8 	69.9 	73.7 	72.5 	29.4 	64.9 	52.2 	95.3 	90.4 	74.4 	15.4 	47.7 	33.2 	17.7 	96.7 	92.5 	17.5 	73.6 	88.2 	93.7 	22.0 	23.8 	90.3 	19.8 	77.9 	15.5 	11.4 	
37.1 	24.5 	12.7 	58.3 	17.0 	29.6 	83.6 	41.8 	3.3 	55.6 	8.4 	3.8 	12.5 	91.7 	44.4 	14.4 	9.4 	63.0 	69.8 	56.0 	43.2 	21.1 	97.6 	6.8 	28.8 	91.8 	99.0 	53.0 	77.4 	99.3 	32.3 	98.9 	0.0 	74.0 	60.4 	63.6 	43.6 	10.0 	96.3 	47.7 	45.7 	77.4 	44.4 	62.1 	60.1 	50.4 	16.5 	88.7 	62.9 	50.6 	4.3 	58.5 	12.9 	4.8 	30.2 	52.5 	91.0 	86.8 	45.1 	15.0 	65.8 	15.2 	77.9 	98.9 	86.1 	73.5 	4.3 	17.7 	27.8 	80.6 	11.0 	73.7 	39.0 	94.8 	84.3 	55.5 	89.2 	56.0 	17.5 	54.8 	20.3 	60.1 	25.4 	15.2 	18.7 	57.8 	60.0 	88.1 	33.8 	89.8 	82.1 	87.5 	69.9 	90.5 	82.0 	55.9 	14.3 	29.6 	60.5 	29.3 	88.5 	80.8 	39.0 	76.8 	42.5 	85.3 	11.8 	51.0 	67.1 	13.5 	46.2 	83.7 	58.5 	30.4 	17.0 	51.9 	40.0 	97.8 	56.4 	22.1 	13.6 	68.0 	88.1 	10.8 	22.8 	2.2 	37.7 	14.0 	67.8 	60.9 	38.7 	88.7 	85.2 	39.0 	68.6 	65.7 	8.9 	49.9 	62.1 	71.8 	19.1 	9.2 	74.2 	88.7 	72.4 	78.7 	47.8 	38.7 	40.0 	71.0 	28.5 	5.9 	40.1 	23.8 	52.9 	71.9 	91.1 	69.4 	33.6 	92.6 	49.1 	7.9 	31.4 	2.6 	88.8 	45.1 	33.4 	98.9 	73.8 	87.6 	12.5 	21.0 	1.7 	70.2 	80.0 	21.9 	17.0 	11.3 	57.6 	41.5 	41.6 	59.1 	15.9 	78.3 	43.5 	55.5 	27.9 	68.7 	5.1 	5.6 	11.2 	59.6 	25.8 	88.4 	17.0 	58.1 	52.6 	21.3 	89.1 	28.5 	
