75
0.0 50.0 45.28 41.48 55.9 81.71 74.03 117.75 51.22 95.13 16.28 6.4 122.0 79.93 108.21 23.6 13.6 3.61 103.82 51.09 20.0 28.64 57.38 106.0 100.0 21.47 89.56 86.77 97.64 111.83 19.24 49.65 55.66 49.25 60.83 60.54 45.49 73.55 75.77 98.73 115.21 135.37 126.76 113.36 117.32 19.42 54.78 60.46 39.12 16.12 78.41 13.42 77.62 48.38 78.31 46.82 62.13 60.88 113.36 93.81 90.79 117.92 133.7 37.74 80.16 41.19 38.33 109.02 98.49 62.68 16.4 63.13 8.25 60.64 115.74 
50.0 0.0 63.64 30.68 68.01 47.07 60.83 114.56 2.0 87.0 66.22 56.22 113.07 99.04 126.29 28.23 59.03 53.41 77.83 47.85 58.82 34.06 13.15 85.42 94.76 29.0 85.8 47.0 106.55 78.77 45.28 64.54 32.53 48.85 83.19 74.33 65.49 93.86 79.76 73.54 83.02 140.8 130.42 82.76 81.02 54.38 29.0 90.09 19.24 62.29 93.64 62.29 80.78 87.3 120.22 27.78 92.09 100.13 127.48 102.08 112.79 130.18 130.14 50.64 125.0 87.85 40.11 87.66 100.0 78.16 65.95 106.23 55.57 100.28 80.1 
45.28 63.64 0.0 34.01 11.18 64.64 40.82 73.5 63.39 54.08 51.2 47.93 79.4 37.22 65.73 42.06 36.4 46.96 73.43 23.32 27.89 31.02 61.13 71.17 57.22 51.04 47.04 73.57 52.43 86.4 62.48 5.0 42.38 20.59 19.65 15.26 2.24 31.3 31.58 68.6 88.48 90.14 81.49 85.44 94.37 64.66 44.64 27.46 44.41 58.87 33.97 53.76 33.54 33.24 63.63 39.32 29.43 43.27 69.43 48.55 50.16 73.54 89.19 80.66 72.01 46.62 77.47 74.33 53.76 17.69 53.6 53.15 39.92 43.83 92.31 
41.48 30.68 34.01 0.0 37.36 40.71 36.4 87.8 30.08 61.4 55.95 47.43 88.59 68.41 95.63 21.21 43.27 44.92 63.03 17.8 38.9 13.0 27.17 66.75 68.24 31.05 58.41 47.01 76.55 70.34 49.37 34.23 14.32 18.36 53.15 43.68 36.06 63.35 50.0 58.01 73.76 111.95 101.86 72.01 75.96 56.0 14.21 61.29 12.21 57.49 62.97 54.71 51.22 62.24 94.92 6.4 63.29 74.33 97.06 72.11 82.23 99.98 103.81 63.57 101.52 68.12 56.36 69.58 71.42 47.54 57.01 82.29 42.49 74.67 74.33 
55.9 68.01 11.18 37.36 0.0 60.84 33.24 62.36 67.45 43.29 62.37 58.87 68.26 31.05 58.6 49.82 47.54 57.78 65.22 22.02 39.05 38.01 63.39 61.74 46.1 59.46 36.0 70.38 42.52 79.25 72.42 6.32 42.11 20.02 18.03 6.32 12.0 26.17 20.4 60.61 80.92 80.0 71.02 77.62 87.69 75.18 45.01 29.68 49.04 69.89 25.94 64.85 22.36 40.82 68.25 41.44 31.38 48.8 61.03 38.42 44.91 64.66 78.11 90.27 77.78 56.32 86.28 64.88 42.72 10.2 64.76 59.67 50.92 49.52 85.56 
81.71 47.07 64.64 40.71 60.84 0.0 32.06 79.62 45.12 52.81 96.61 87.85 74.06 86.88 108.0 59.2 83.86 85.23 31.91 41.4 78.82 53.67 33.96 41.73 61.35 66.91 55.9 10.05 83.22 32.02 85.99 61.91 26.42 44.2 78.79 65.55 66.85 84.2 59.3 28.43 36.12 109.79 99.02 35.69 35.9 93.94 26.93 90.35 43.93 97.41 79.25 95.08 59.14 97.45 128.16 34.93 92.13 107.9 105.39 79.1 100.45 106.07 93.3 96.02 136.61 106.96 86.28 43.28 71.39 69.29 97.58 117.61 83.19 108.47 34.53 
74.03 60.83 40.82 36.4 33.24 32.06 0.0 53.81 59.4 26.17 85.59 79.03 52.7 55.36 76.01 57.28 70.86 77.0 32.65 23.02 63.56 46.69 50.61 32.14 34.06 67.36 25.94 42.11 51.62 46.01 85.15 36.62 28.32 25.18 50.0 36.4 42.72 53.31 27.29 27.78 47.8 81.49 70.83 44.65 54.49 90.93 31.83 62.48 47.01 90.0 47.54 86.09 27.07 73.6 101.32 34.99 64.03 82.04 73.82 47.38 68.66 74.95 69.31 99.96 111.02 87.21 92.61 35.23 41.23 39.66 87.37 92.85 72.25 82.76 52.35 
117.75 114.56 73.5 87.8 62.36 79.62 53.81 0.0 113.17 27.8 124.66 121.12 13.6 53.6 50.21 106.85 109.9 119.87 55.44 70.72 101.39 95.02 104.35 43.19 19.8 117.14 29.41 88.39 30.08 71.03 132.82 68.68 82.04 71.34 66.0 59.03 73.98 57.71 42.06 55.32 69.03 31.26 21.0 65.01 80.01 136.69 85.59 76.42 99.49 132.2 48.37 127.2 40.16 95.08 109.11 87.86 76.66 96.51 41.4 30.81 57.71 38.08 16.12 149.59 121.12 114.0 143.67 44.01 20.1 58.42 127.09 108.06 113.23 97.49 78.0 
51.22 2.0 63.39 30.08 67.45 45.12 59.4 113.17 0.0 85.56 67.48 57.49 111.52 98.49 125.59 29.07 59.94 54.67 75.96 47.01 59.46 34.23 11.18 83.65 93.38 30.41 84.5 45.0 105.59 76.79 47.01 64.13 31.14 48.1 82.87 73.76 65.28 93.39 78.77 71.69 81.05 139.62 129.2 80.81 79.03 56.08 27.59 90.02 19.03 63.78 92.97 63.66 79.76 87.66 120.62 26.83 92.02 100.45 126.63 101.12 112.29 129.25 128.7 52.61 125.57 88.64 42.11 85.87 98.81 77.62 67.27 106.74 56.6 100.62 78.1 
95.13 87.0 54.08 61.4 43.29 52.81 26.17 27.8 85.56 0.0 104.31 99.3 27.31 49.5 60.73 81.44 89.27 97.67 34.48 45.31 81.1 70.01 76.58 24.7 8.54 91.71 8.6 62.1 34.79 51.24 108.5 49.09 54.49 46.49 53.71 42.45 55.23 50.61 24.7 32.39 50.7 57.01 46.24 46.62 60.73 113.32 58.0 66.19 72.67 110.48 41.77 105.93 22.85 82.22 103.73 60.8 67.12 87.21 55.58 31.78 59.64 55.04 43.14 124.39 114.91 99.25 117.72 27.2 20.22 43.66 106.47 98.84 91.79 88.1 58.52 
16.28 66.22 51.2 55.95 62.37 96.61 85.59 124.66 67.48 104.31 0.0 10.0 130.39 81.3 108.41 39.7 15.03 12.81 116.71 62.65 23.35 42.95 73.59 117.72 108.19 37.44 97.87 102.22 101.64 125.87 29.07 56.09 70.26 60.41 62.65 65.8 50.7 74.95 82.76 111.61 129.03 139.09 131.31 126.92 131.85 23.54 69.77 58.9 55.0 11.18 81.39 6.08 84.72 42.8 68.41 61.72 60.21 53.71 114.83 98.23 90.27 119.89 140.25 44.91 68.26 29.83 49.01 120.81 104.81 67.07 2.83 53.16 13.6 53.24 130.17 
6.4 56.22 47.93 47.43 58.87 87.85 79.03 121.12 57.49 99.3 10.0 0.0 125.93 81.06 108.98 30.0 12.73 2.83 109.33 56.01 20.81 34.48 63.78 111.11 103.81 27.46 93.39 93.06 99.85 117.72 21.38 52.55 61.68 54.01 62.01 63.07 47.85 74.65 79.06 104.24 121.04 137.56 129.25 119.1 123.37 18.6 60.93 60.31 45.49 11.18 80.16 7.28 80.96 46.52 74.97 52.92 61.85 58.52 114.63 96.18 91.22 119.4 136.96 39.0 76.0 37.01 41.3 114.16 101.59 64.88 10.0 59.68 8.06 58.19 121.76 
122.0 113.07 79.4 88.59 68.26 74.06 52.7 13.6 111.52 27.31 130.39 125.93 0.0 64.62 63.7 108.75 115.41 124.43 46.49 72.62 107.06 97.31 101.91 34.18 22.2 119.01 32.56 81.99 42.19 60.83 135.77 74.43 80.8 73.74 74.81 66.0 80.22 68.01 48.04 47.42 58.31 42.19 32.98 54.45 69.35 140.43 84.2 86.12 99.64 137.1 58.52 132.38 46.04 104.09 120.54 87.66 86.59 106.74 55.0 42.05 70.18 51.62 19.92 151.7 132.4 122.41 144.94 34.21 29.41 66.12 132.67 118.41 118.26 107.7 67.48 
79.93 99.04 37.22 68.41 31.05 86.88 55.36 53.6 98.49 49.5 81.3 81.06 64.62 0.0 28.6 79.26 68.41 80.81 81.54 52.47 60.31 67.98 94.2 73.76 46.62 88.2 41.04 96.88 24.08 97.75 98.35 34.93 72.17 50.8 19.1 24.74 36.06 6.4 28.64 78.03 98.18 58.82 52.61 94.3 107.04 99.16 75.33 24.52 80.01 91.02 8.06 85.45 29.53 43.93 55.95 72.37 24.19 43.19 33.6 22.8 14.04 38.59 66.19 116.85 67.78 63.56 114.4 76.49 35.34 20.88 84.06 54.59 73.11 44.18 104.81 
108.21 126.29 65.73 95.63 58.6 108.0 76.01 50.21 125.59 60.73 108.41 108.98 63.7 28.6 0.0 107.7 96.26 108.9 95.21 78.75 88.39 96.25 120.33 84.86 54.23 116.76 54.13 118.02 25.96 111.97 126.81 63.13 97.51 77.49 47.51 52.33 64.64 34.83 49.25 92.89 111.33 39.32 38.08 107.22 121.46 127.29 100.9 49.65 107.54 118.56 32.7 112.93 49.09 68.0 68.0 98.98 48.55 62.94 10.44 29.43 18.36 16.28 56.44 145.34 80.02 87.24 143.0 86.93 40.85 48.76 111.21 72.57 101.14 63.89 119.25 
23.6 28.23 42.06 21.21 49.82 59.2 57.28 106.85 29.07 81.44 39.7 30.0 108.75 79.26 107.7 0.0 30.89 27.2 84.01 36.24 30.81 12.04 33.94 87.97 87.71 10.3 77.52 63.56 91.97 90.26 28.16 44.65 34.13 35.51 61.33 55.8 43.38 73.36 66.71 79.03 93.9 128.82 119.21 92.44 95.08 35.13 32.56 65.73 15.65 38.48 75.45 36.89 68.25 60.13 92.78 25.08 67.68 73.11 110.8 87.69 92.14 114.48 122.97 42.95 97.02 59.62 37.01 90.8 89.2 59.08 40.0 78.45 27.8 73.17 93.62 
13.6 59.03 36.4 43.27 47.54 83.86 70.86 109.9 59.94 89.27 15.03 12.73 115.41 68.41 96.26 30.89 0.0 13.04 102.36 48.05 8.54 30.61 64.2 102.96 93.21 32.56 82.87 90.21 87.66 112.16 32.7 41.23 57.45 45.71 49.41 51.26 36.06 62.01 67.91 97.27 115.17 125.3 117.2 112.89 118.53 31.24 57.43 47.63 44.69 22.83 67.74 17.46 69.86 34.79 65.07 49.41 49.2 47.3 102.0 84.1 78.49 106.83 125.57 51.0 67.6 29.12 51.92 106.07 90.14 52.8 17.26 50.0 5.39 47.07 116.78 
3.61 53.41 46.96 44.92 57.78 85.23 77.0 119.87 54.67 97.67 12.81 2.83 124.43 80.81 108.9 27.2 13.04 0.0 107.06 54.01 20.52 32.02 60.96 109.04 102.36 24.7 91.92 90.35 99.13 115.25 19.92 51.48 59.14 52.09 61.72 62.18 47.01 74.41 77.83 101.97 118.6 136.86 128.41 116.71 120.81 18.38 58.31 60.61 42.72 13.0 79.63 9.85 79.71 47.54 76.66 50.33 62.2 59.77 114.34 95.38 91.29 119.02 135.77 38.01 78.03 39.01 39.62 112.07 100.46 64.14 12.81 61.4 7.81 59.48 119.22 
103.82 77.83 73.43 63.03 65.22 31.91 32.65 55.44 75.96 34.48 116.71 109.33 46.49 81.54 95.21 84.01 102.36 107.06 0.0 54.41 95.51 75.33 65.0 12.37 41.59 93.19 41.63 37.48 69.26 16.76 112.07 69.12 50.16 56.92 80.66 67.36 75.29 81.22 53.41 5.1 16.64 86.7 76.32 12.81 26.25 119.02 52.47 93.43 70.46 119.94 73.5 116.56 52.2 105.95 132.28 59.08 94.79 113.7 89.82 66.13 93.06 88.81 66.41 124.46 142.52 119.85 115.52 12.53 54.57 70.04 118.26 124.81 103.16 114.48 24.04 
51.09 47.85 23.32 17.8 22.02 41.4 23.02 70.72 47.01 45.31 62.65 56.01 72.62 52.47 78.75 36.24 48.05 54.01 54.41 0.0 41.11 24.7 41.77 55.15 51.48 46.53 41.34 50.25 58.83 65.37 63.25 21.19 20.1 2.83 39.62 28.02 25.55 48.04 32.2 49.34 67.98 94.18 84.15 65.39 72.67 68.45 23.0 49.98 30.0 67.01 46.32 63.07 33.42 56.08 86.95 20.25 51.87 66.57 79.62 54.38 66.48 82.37 86.82 79.16 95.21 66.85 72.95 58.22 53.76 32.02 64.38 76.22 49.25 67.12 70.72 
20.0 58.82 27.89 38.9 39.05 78.82 63.56 101.39 59.46 81.1 23.35 20.81 107.06 60.31 88.39 30.81 8.54 20.52 95.51 41.11 0.0 27.2 62.27 95.52 84.85 35.06 74.55 85.8 79.18 106.02 39.12 32.76 52.63 38.6 41.23 42.72 27.51 53.91 59.44 90.44 108.85 116.85 108.69 106.4 112.77 38.9 53.08 40.5 42.54 31.3 59.36 26.0 61.39 30.15 62.2 45.25 42.19 43.1 93.86 75.58 70.84 98.6 117.05 57.69 66.22 29.68 57.38 98.66 81.61 44.28 25.71 47.68 12.81 43.05 110.94 
28.64 34.06 31.02 13.0 38.01 53.67 46.69 95.02 34.23 70.01 42.95 34.48 97.31 67.98 96.25 12.04 30.61 32.02 75.33 24.7 27.2 0.0 35.34 78.16 76.03 22.2 65.76 59.64 79.98 83.24 38.6 33.12 27.31 23.71 50.6 44.1 32.57 62.24 54.67 70.26 86.59 116.78 107.17 84.72 88.96 44.28 26.93 56.32 15.81 44.72 63.81 41.76 56.22 53.6 86.59 18.87 58.31 66.29 99.05 75.69 81.15 102.62 111.14 54.59 92.11 56.86 49.04 81.1 77.2 47.51 44.01 73.05 29.53 66.49 87.32 
57.38 13.15 61.13 27.17 63.39 33.96 50.61 104.35 11.18 76.58 73.59 63.78 101.91 94.2 120.33 33.94 64.2 60.96 65.0 41.77 62.27 35.34 0.0 73.06 84.65 38.08 76.28 34.06 99.01 65.62 56.08 61.01 23.26 43.42 80.01 69.58 63.2 89.56 72.24 60.84 69.87 131.76 121.2 69.63 68.0 64.88 19.7 88.46 19.72 71.28 88.07 70.43 73.01 88.54 121.46 22.02 90.45 100.96 120.55 94.54 108.19 122.77 119.6 63.29 127.39 91.92 53.01 75.18 91.07 73.55 73.76 108.27 61.62 101.24 67.03 
106.0 85.42 71.17 66.75 61.74 41.73 32.14 43.19 83.65 24.7 117.72 111.11 34.18 73.76 84.86 87.97 102.96 109.04 12.37 55.15 95.52 78.16 73.06 0.0 30.68 97.67 32.8 48.6 59.09 28.07 116.11 66.48 55.36 57.31 75.45 62.77 72.8 74.25 46.86 13.6 26.68 74.43 64.12 22.56 37.34 122.41 58.19 88.23 75.69 122.04 65.86 118.21 45.34 102.42 126.66 63.79 89.4 109.0 78.85 56.36 84.31 77.47 54.08 129.76 137.41 117.75 121.46 3.16 44.01 64.9 119.51 120.42 104.39 109.84 35.23 
100.0 94.76 57.22 68.24 46.1 61.35 34.06 19.8 93.38 8.54 108.19 103.81 22.2 46.62 54.23 87.71 93.21 102.36 41.59 51.48 84.85 76.03 84.65 30.68 0.0 98.01 10.44 70.6 28.65 58.25 114.24 52.24 62.24 52.33 53.85 44.1 58.08 48.76 26.02 40.05 57.28 48.47 37.7 53.16 67.68 118.6 65.8 65.79 79.81 114.98 39.45 110.22 24.02 82.98 102.08 68.12 66.48 86.73 48.27 26.4 55.23 47.27 35.61 130.6 113.6 100.84 124.34 32.7 13.42 44.55 110.48 98.43 96.1 87.66 65.51 
21.47 29.0 51.04 31.05 59.46 66.91 67.36 117.14 30.41 91.71 37.44 27.46 119.01 88.2 116.76 10.3 32.56 24.7 93.19 46.53 35.06 22.2 38.08 97.67 98.01 0.0 87.82 70.21 101.82 98.51 19.1 54.04 43.05 45.79 69.84 65.3 52.15 82.15 76.84 88.28 102.31 138.85 129.32 101.08 102.77 27.2 41.01 73.05 23.09 33.42 84.81 33.3 78.41 65.19 97.05 34.13 74.95 78.16 120.25 97.59 100.72 124.08 133.26 32.7 100.13 61.61 26.91 100.45 99.4 68.41 37.01 82.22 28.16 78.1 101.43 
89.56 85.8 47.04 58.41 36.0 55.9 25.94 29.41 84.5 8.6 97.87 93.39 32.56 41.04 54.13 77.52 82.87 91.92 41.63 41.34 74.55 65.76 76.28 32.8 10.44 87.82 0.0 65.62 28.28 58.31 103.87 42.05 53.41 42.06 45.31 34.53 48.0 42.01 16.49 38.9 58.14 55.57 44.94 54.12 67.78 108.17 57.01 57.7 70.18 104.56 33.24 99.82 14.56 74.04 95.13 58.69 58.59 78.72 50.01 24.74 51.62 50.25 45.49 120.35 106.33 91.41 114.28 35.47 15.52 35.44 100.13 90.38 85.7 79.62 65.55 
86.77 47.0 73.57 47.01 70.38 10.05 42.11 88.39 45.0 62.1 102.22 93.06 81.99 96.88 118.02 63.56 90.21 90.35 37.48 50.25 85.8 59.64 34.06 48.6 70.6 70.21 65.62 0.0 93.13 32.89 89.02 71.12 33.24 53.0 88.39 75.27 75.8 94.11 69.35 35.0 37.34 118.9 108.16 38.01 34.06 97.42 32.8 99.74 47.93 102.04 89.27 100.18 69.18 106.02 137.2 40.8 101.55 116.81 115.28 89.05 110.48 115.85 101.53 97.33 145.34 114.55 87.05 49.68 81.05 79.06 102.96 126.25 89.04 117.35 33.24 
97.64 106.55 52.43 76.55 42.52 83.22 51.62 30.08 105.59 34.79 101.64 99.85 42.19 24.08 25.96 91.97 87.66 99.13 69.26 58.83 79.18 79.98 99.01 59.09 28.65 101.82 28.28 93.13 0.0 86.02 114.81 48.41 75.77 58.25 39.56 37.2 52.15 29.07 26.83 66.94 85.44 37.74 29.73 81.34 95.51 117.05 79.31 48.09 88.75 110.48 20.62 105.1 26.0 67.36 79.06 78.77 48.01 67.27 22.2 4.47 28.02 23.77 42.11 132.77 91.09 86.83 128.7 61.27 15.26 34.99 104.28 78.64 91.79 68.26 93.3 
111.83 78.77 86.4 70.34 79.25 32.02 46.01 71.03 76.79 51.24 125.87 117.72 60.83 97.75 111.97 90.26 112.16 115.25 16.76 65.37 106.02 83.24 65.62 28.07 58.25 98.51 58.31 32.89 86.02 0.0 117.61 82.46 56.29 68.1 95.59 82.07 88.41 97.08 69.34 19.72 4.47 102.18 92.02 6.71 9.49 125.3 57.71 108.25 75.43 127.82 89.69 125.0 68.26 119.47 147.14 65.31 109.71 128.04 106.51 82.87 109.57 105.38 80.6 128.04 157.0 132.08 118.27 27.02 71.31 85.04 127.13 138.85 112.27 128.76 7.28 
19.24 45.28 62.48 49.37 72.42 85.99 85.15 132.82 47.01 108.5 29.07 21.38 135.77 98.35 126.81 28.16 32.7 19.92 112.07 63.25 39.12 38.6 56.08 116.11 114.24 19.1 103.87 89.02 114.81 117.61 0.0 66.4 62.0 62.03 79.31 77.62 63.03 92.02 91.42 107.12 121.41 152.41 143.39 120.15 121.82 9.22 60.07 79.61 42.19 20.25 96.26 23.19 93.15 67.42 96.34 53.01 81.3 79.7 131.53 110.8 109.64 135.88 148.92 18.6 97.08 58.22 20.02 118.95 114.24 80.16 27.29 81.05 27.31 79.4 120.51 
49.65 64.54 5.0 34.23 6.32 61.91 36.62 68.68 64.13 49.09 56.09 52.55 74.43 34.93 63.13 44.65 41.23 51.48 69.12 21.19 32.76 33.12 61.01 66.48 52.24 54.04 42.05 71.12 48.41 82.46 66.4 0.0 41.0 18.68 19.0 11.31 6.32 29.41 26.68 64.35 84.4 86.02 77.18 81.27 90.61 68.96 43.57 28.79 45.35 63.57 30.81 58.52 28.64 37.01 66.29 39.0 30.68 46.23 66.22 44.41 48.38 70.09 84.43 84.39 75.17 51.26 80.72 69.64 49.04 14.42 58.46 56.57 44.6 46.86 88.53 
55.66 32.53 42.38 14.32 42.11 26.42 28.32 82.04 31.14 54.49 70.26 61.68 80.8 72.17 97.51 34.13 57.45 59.14 50.16 20.1 52.63 27.31 23.26 55.36 62.24 43.05 53.41 33.24 75.77 56.29 62.0 41.0 0.0 22.36 59.68 48.01 44.6 68.0 49.04 45.28 59.84 108.72 98.23 58.31 61.68 69.26 3.61 69.64 20.4 71.57 65.62 68.95 49.77 73.57 105.55 9.06 71.57 84.97 97.41 71.31 86.21 99.54 97.62 74.53 113.02 81.32 66.1 57.97 67.96 52.01 71.31 93.81 56.8 85.42 60.08 
49.25 48.85 20.59 18.36 20.02 44.2 25.18 71.34 48.1 46.49 60.41 54.01 73.74 50.8 77.49 35.51 45.71 52.09 56.92 2.83 38.6 23.71 43.42 57.31 52.33 45.79 42.06 53.0 58.25 68.1 62.03 18.68 22.36 0.0 37.34 26.17 22.83 46.17 31.89 51.87 70.66 94.07 84.17 68.03 75.45 66.94 25.08 47.43 30.53 65.07 44.92 61.01 33.24 53.26 84.22 21.59 49.34 63.81 78.71 53.82 64.78 81.63 87.46 78.29 92.42 64.07 72.42 60.41 53.91 30.15 62.2 73.41 47.1 64.35 73.5 
60.83 83.19 19.65 53.15 18.03 78.79 50.0 66.0 82.87 53.71 62.65 62.01 74.81 19.1 47.51 61.33 49.41 61.72 80.66 39.62 41.23 50.6 80.01 75.45 53.85 69.84 45.31 88.39 39.56 95.59 79.31 19.0 59.68 37.34 0.0 13.6 18.03 12.73 29.07 76.37 96.88 76.56 69.26 93.35 104.35 80.06 62.39 12.81 63.95 72.11 18.97 66.57 30.87 29.27 51.62 58.0 14.14 33.62 52.63 36.67 30.89 57.43 80.4 97.84 62.01 48.01 95.69 78.49 46.04 10.63 65.37 45.18 54.04 34.48 102.18 
60.54 74.33 15.26 43.68 6.32 65.55 36.4 59.03 73.76 42.45 65.8 63.07 66.0 24.74 52.33 55.8 51.26 62.18 67.36 28.02 42.72 44.1 69.58 62.77 44.1 65.3 34.53 75.27 37.2 82.07 77.62 11.31 48.01 26.17 13.6 0.0 15.23 20.02 18.11 62.97 83.45 74.89 66.24 79.98 90.79 79.92 51.01 26.17 55.36 73.93 19.72 68.71 20.1 39.92 65.07 47.68 27.66 46.4 55.0 33.29 38.64 58.8 74.46 95.67 75.17 56.89 92.02 65.86 39.05 4.0 68.31 57.69 55.04 47.2 88.62 
45.49 65.49 2.24 36.06 12.0 66.85 42.72 73.98 65.28 55.23 50.7 47.85 80.22 36.06 64.64 43.38 36.06 47.01 75.29 25.55 27.51 32.57 63.2 72.8 58.08 52.15 48.0 75.8 52.15 88.41 63.03 6.32 44.6 22.83 18.03 15.23 0.0 30.02 32.25 70.49 90.44 89.89 81.41 87.37 96.43 64.9 46.84 25.32 46.27 58.69 33.24 53.49 34.23 31.14 61.4 41.44 27.29 41.05 68.62 48.37 48.75 72.86 89.56 81.32 69.81 44.94 78.41 75.96 54.12 17.2 53.16 50.99 39.81 41.62 94.37 
73.55 93.86 31.3 63.35 26.17 84.2 53.31 57.71 93.39 50.61 74.95 74.65 68.01 6.4 34.83 73.36 62.01 74.41 81.22 48.04 53.91 62.24 89.56 74.25 48.76 82.15 42.01 94.11 29.07 97.08 92.02 29.41 68.0 46.17 12.73 20.02 30.02 0.0 27.8 77.42 97.8 64.85 58.25 94.02 106.23 92.76 71.03 19.03 74.73 84.63 9.49 79.06 29.07 38.33 53.34 67.6 19.03 38.83 40.0 27.07 18.97 44.94 71.01 110.54 64.85 57.87 108.23 77.1 38.6 16.03 77.7 50.45 66.71 39.81 104.01 
75.77 79.76 31.58 50.0 20.4 59.3 27.29 42.06 78.77 24.7 82.76 79.06 48.04 28.64 49.25 66.71 67.91 77.83 53.41 32.2 59.44 54.67 72.24 46.86 26.02 76.84 16.49 69.35 26.83 69.34 91.42 26.68 49.04 31.89 29.07 18.11 32.25 27.8 0.0 49.65 70.0 62.23 52.5 66.22 78.55 94.85 52.55 41.68 62.2 90.14 20.62 85.16 2.0 57.57 79.81 51.97 42.72 62.65 48.38 22.36 41.48 50.57 57.94 108.72 90.7 74.97 103.71 49.82 22.83 18.97 85.15 74.24 71.17 63.53 76.32 
98.73 73.54 68.6 58.01 60.61 28.43 27.78 55.32 71.69 32.39 111.61 104.24 47.42 78.03 92.89 79.03 97.27 101.97 5.1 49.34 90.44 70.26 60.84 13.6 40.05 88.28 38.9 35.0 66.94 19.72 107.12 64.35 45.28 51.87 76.37 62.97 70.49 77.42 49.65 0.0 20.52 86.49 75.95 17.03 29.07 114.0 47.68 89.11 65.62 114.86 69.97 111.46 48.55 101.26 127.99 54.15 90.51 109.22 87.97 63.6 89.9 87.28 67.23 119.68 138.11 114.95 110.86 14.87 52.61 65.76 113.16 120.25 98.06 109.99 26.83 
115.21 83.02 88.48 73.76 80.92 36.12 47.8 69.03 81.05 50.7 129.03 121.04 58.31 98.18 111.33 93.9 115.17 118.6 16.64 67.98 108.85 86.59 69.87 26.68 57.28 102.31 58.14 37.34 85.44 4.47 121.41 84.4 59.84 70.66 96.88 83.45 90.44 97.8 70.0 20.52 0.0 100.02 90.02 4.12 11.05 129.0 61.4 109.6 79.23 131.24 90.14 128.32 68.82 121.4 148.49 68.88 111.02 129.63 105.51 82.46 109.66 104.14 77.93 132.09 158.55 134.46 122.41 25.18 70.52 86.28 130.36 140.58 115.43 130.38 9.22 
135.37 140.8 90.14 111.95 80.0 109.79 81.49 31.26 139.62 57.01 139.09 137.56 42.19 58.82 39.32 128.82 125.3 136.86 86.7 94.18 116.85 116.78 131.76 74.43 48.47 138.85 55.57 118.9 37.74 102.18 152.41 86.02 108.72 94.07 76.56 74.89 89.89 64.85 62.23 86.49 100.02 0.0 10.77 96.05 111.04 154.78 112.33 83.24 124.08 148.12 57.7 142.71 60.83 102.62 107.12 113.23 82.71 99.98 29.07 41.62 55.15 23.09 25.08 170.24 119.21 122.26 165.76 75.17 40.8 72.72 141.77 110.45 129.5 100.98 109.07 
126.76 130.42 81.49 101.86 71.02 99.02 70.83 21.0 129.2 46.24 131.31 129.25 32.98 52.61 38.08 119.21 117.2 128.41 76.32 84.15 108.69 107.17 121.2 64.12 37.7 129.32 44.94 108.16 29.73 92.02 143.39 77.18 98.23 84.17 69.26 66.24 81.41 58.25 52.5 75.95 90.02 10.77 0.0 86.01 101.0 146.12 101.83 77.1 113.95 139.99 50.29 134.66 50.99 96.51 104.09 102.94 76.79 95.08 27.73 33.11 51.35 22.47 19.1 161.01 116.25 116.1 156.2 65.01 30.48 64.4 133.93 106.0 121.2 96.08 99.0 
113.36 82.76 85.44 72.01 77.62 35.69 44.65 65.01 80.81 46.62 126.92 119.1 54.45 94.3 107.22 92.44 112.89 116.71 12.81 65.39 106.4 84.72 69.63 22.56 53.16 101.08 54.12 38.01 81.34 6.71 120.15 81.27 58.31 68.03 93.35 79.98 87.37 94.02 66.22 17.03 4.12 96.05 86.01 0.0 15.0 127.57 60.07 106.1 78.03 129.44 86.27 126.37 65.0 118.22 144.97 67.36 107.49 126.25 101.39 78.39 105.68 100.02 74.15 131.31 155.13 131.61 121.81 21.1 66.41 82.73 128.32 137.28 113.32 127.02 13.04 
117.32 81.02 94.37 75.96 87.69 35.9 54.49 80.01 79.03 60.73 131.85 123.37 69.35 107.04 121.46 95.08 118.53 120.81 26.25 72.67 112.77 88.96 68.0 37.34 67.68 102.77 67.78 34.06 95.51 9.49 121.82 90.61 61.68 75.45 104.35 90.79 96.43 106.23 78.55 29.07 11.05 111.04 101.0 15.0 0.0 129.84 62.64 116.93 79.83 133.15 98.98 130.63 77.52 127.56 155.79 70.52 118.44 136.47 115.95 92.36 118.97 114.76 88.96 131.14 165.47 139.52 121.0 36.06 80.78 93.86 132.97 147.14 118.31 137.18 2.24 
19.42 54.38 64.66 56.0 75.18 93.94 90.93 136.69 56.08 113.32 23.54 18.6 140.43 99.16 127.29 35.13 31.24 18.38 119.02 68.45 38.9 44.28 64.88 122.41 118.6 27.2 108.17 97.42 117.05 125.3 9.22 68.96 69.26 66.94 80.06 79.92 64.9 92.76 94.85 114.0 129.0 154.78 146.12 127.57 129.84 0.0 67.6 78.87 50.01 13.0 97.8 17.46 96.66 64.88 91.92 60.21 80.43 76.56 132.65 113.21 109.66 137.28 152.71 21.38 91.66 53.37 26.68 125.32 117.63 82.1 21.21 76.66 26.17 76.16 128.46 
54.78 29.0 44.64 14.21 45.01 26.93 31.83 85.59 27.59 58.0 69.77 60.93 84.2 75.33 100.9 32.56 57.43 58.31 52.47 23.0 53.08 26.93 19.7 58.19 65.8 41.01 57.01 32.8 79.31 57.71 60.07 43.57 3.61 25.08 62.39 51.01 46.84 71.03 52.55 47.68 61.4 112.33 101.83 60.07 62.64 67.6 0.0 72.03 18.03 70.52 68.88 68.15 53.31 75.18 107.42 8.06 73.98 86.82 100.9 74.85 89.36 103.08 101.14 72.01 114.61 82.13 63.32 60.73 71.56 55.01 70.68 95.38 56.44 87.24 61.13 
60.46 90.09 27.46 61.29 29.68 90.35 62.48 76.42 90.02 66.19 58.9 60.31 86.12 24.52 49.65 65.73 47.63 60.61 93.43 49.98 40.5 56.32 88.46 88.23 65.79 73.05 57.7 99.74 48.09 108.25 79.61 28.79 69.64 47.43 12.81 26.17 25.32 19.03 41.68 89.11 109.6 83.24 77.1 106.1 116.93 78.87 72.03 0.0 71.01 69.31 28.07 63.66 43.42 19.42 38.9 66.75 2.0 21.02 56.8 46.01 31.4 62.24 90.0 98.18 49.2 39.05 97.49 91.26 56.89 23.43 61.72 32.7 52.8 21.93 114.77 
39.12 19.24 44.41 12.21 49.04 43.93 47.01 99.49 19.03 72.67 55.0 45.49 99.64 80.01 107.54 15.65 44.69 42.72 70.46 30.0 42.54 15.81 19.72 75.69 79.81 23.09 70.18 47.93 88.75 75.43 42.19 45.35 20.4 30.53 63.95 55.36 46.27 74.73 62.2 65.62 79.23 124.08 113.95 78.03 79.83 50.01 18.03 71.01 0.0 54.13 74.85 52.48 63.41 69.38 102.36 12.08 73.01 82.0 109.18 84.31 93.68 112.16 115.42 54.13 107.91 72.2 45.88 78.34 83.49 59.14 55.47 88.87 42.45 82.23 78.45 
16.12 62.29 58.87 57.49 69.89 97.41 90.0 132.2 63.78 110.48 11.18 11.18 137.1 91.02 118.56 38.48 22.83 13.0 119.94 67.01 31.3 44.72 71.28 122.04 114.98 33.42 104.56 102.04 110.48 127.82 20.25 63.57 71.57 65.07 72.11 73.93 58.69 84.63 90.14 114.86 131.24 148.12 139.99 129.44 133.15 13.0 70.52 69.31 54.13 0.0 90.55 5.66 92.05 53.82 79.4 62.64 70.71 64.88 124.62 106.89 100.57 129.53 148.0 34.23 78.77 40.8 39.46 125.06 112.61 75.58 8.54 64.2 18.97 64.41 131.61 
78.41 93.64 33.97 62.97 25.94 79.25 47.54 48.37 92.97 41.77 81.39 80.16 58.52 8.06 32.7 75.45 67.74 79.63 73.5 46.32 59.36 63.81 88.07 65.86 39.45 84.81 33.24 89.27 20.62 89.69 96.26 30.81 65.62 44.92 18.97 19.72 33.24 9.49 20.62 69.97 90.14 57.7 50.29 86.27 98.98 97.8 68.88 28.07 74.85 90.55 0.0 85.09 21.47 47.04 62.65 66.48 28.28 48.27 35.47 18.03 21.21 39.62 62.03 114.56 74.25 66.37 111.4 68.62 29.12 16.4 84.08 59.91 72.11 49.24 96.75 
13.42 62.29 53.76 54.71 64.85 95.08 86.09 127.2 63.66 105.93 6.08 7.28 132.38 85.45 112.93 36.89 17.46 9.85 116.56 63.07 26.0 41.76 70.43 118.21 110.22 33.3 99.82 100.18 105.1 125.0 23.19 58.52 68.95 61.01 66.57 68.71 53.49 79.06 85.16 111.46 128.32 142.71 134.66 126.37 130.63 17.46 68.15 63.66 52.48 5.66 85.09 0.0 87.09 48.26 74.46 60.17 65.05 59.48 119.04 101.55 94.92 123.98 142.94 38.83 74.33 35.9 43.05 121.26 107.52 70.26 4.12 59.2 14.14 59.03 129.03 
77.62 80.78 33.54 51.22 22.36 59.14 27.07 40.16 79.76 22.85 84.72 80.96 46.04 29.53 49.09 68.25 69.86 79.71 52.2 33.42 61.39 56.22 73.01 45.34 24.02 78.41 14.56 69.18 26.0 68.26 93.15 28.64 49.77 33.24 30.87 20.1 34.23 29.07 2.0 48.55 68.82 60.83 50.99 65.0 77.52 96.66 53.31 43.42 63.41 92.05 21.47 87.09 0.0 59.48 81.4 53.0 44.42 64.41 47.8 21.54 42.06 49.77 56.08 110.39 92.36 76.94 105.26 48.27 21.1 20.88 87.1 76.03 73.08 65.3 75.29 
48.38 87.3 33.24 62.24 40.82 97.45 73.6 95.08 87.66 82.22 42.8 46.52 104.09 43.93 68.0 60.13 34.79 47.54 105.95 56.08 30.15 53.6 88.54 102.42 82.98 65.19 74.04 106.02 67.36 119.47 67.42 37.01 73.57 53.26 29.27 39.92 31.14 38.33 57.57 101.26 121.4 102.62 96.51 118.22 127.56 64.88 75.18 19.42 69.38 53.82 47.04 48.26 59.48 0.0 32.98 68.45 19.92 13.0 75.77 65.07 49.65 81.34 109.07 85.49 39.45 19.65 86.68 105.55 75.24 38.6 45.61 20.25 40.16 13.04 125.5 
78.31 120.22 63.63 94.92 68.25 128.16 101.32 109.11 120.62 103.73 68.41 74.97 120.54 55.95 68.0 92.78 65.07 76.66 132.28 86.95 62.2 86.59 121.46 126.66 102.08 97.05 95.13 137.2 79.06 147.14 96.34 66.29 105.55 84.22 51.62 65.07 61.4 53.34 79.81 127.99 148.49 107.12 104.09 144.97 155.79 91.92 107.42 38.9 102.36 79.4 62.65 74.46 81.4 32.98 0.0 101.02 37.48 20.62 78.06 78.55 52.77 84.05 120.3 113.27 12.17 38.6 116.25 129.63 91.29 62.24 70.88 15.3 70.18 20.25 153.64 
46.82 27.78 39.32 6.4 41.44 34.93 34.99 87.86 26.83 60.8 61.72 52.92 87.66 72.37 98.98 25.08 49.41 50.33 59.08 20.25 45.25 18.87 22.02 63.79 68.12 34.13 58.69 40.8 78.77 65.31 53.01 39.0 9.06 21.59 58.0 47.68 41.44 67.6 51.97 54.15 68.88 113.23 102.94 67.36 70.52 60.21 8.06 66.75 12.08 62.64 66.48 60.17 53.0 68.45 101.02 0.0 68.73 80.41 99.81 74.3 86.31 102.42 103.71 65.97 107.78 74.52 57.94 66.49 72.47 51.62 62.65 88.55 48.37 80.78 68.96 
62.13 92.09 29.43 63.29 31.38 92.13 64.03 76.66 92.02 67.12 60.21 61.85 86.59 24.19 48.55 67.68 49.2 62.2 94.79 51.87 42.19 58.31 90.45 89.4 66.48 74.95 58.59 101.55 48.01 109.71 81.3 30.68 71.57 49.34 14.14 27.66 27.29 19.03 42.72 90.51 111.02 82.71 76.79 107.49 118.44 80.43 73.98 2.0 73.01 70.71 28.28 65.05 44.42 19.92 37.48 68.73 0.0 20.25 55.95 46.1 30.23 61.47 90.02 99.86 48.01 39.56 99.28 92.42 57.27 24.76 63.03 31.95 54.41 21.19 116.28 
60.88 100.13 43.27 74.33 48.8 107.9 82.04 96.51 100.45 87.21 53.71 58.52 106.74 43.19 62.94 73.11 47.3 59.77 113.7 66.57 43.1 66.29 100.96 109.0 86.73 78.16 78.72 116.81 67.27 128.04 79.7 46.23 84.97 63.81 33.62 46.4 41.05 38.83 62.65 109.22 129.63 99.98 95.08 126.25 136.47 76.56 86.82 21.02 82.0 64.88 48.27 59.48 64.41 13.0 20.62 80.41 20.25 0.0 71.81 65.76 45.12 77.67 109.37 97.5 29.0 26.17 99.2 112.06 77.37 44.1 56.44 11.7 52.63 1.0 134.35 
113.36 127.48 69.43 97.06 61.03 105.39 73.82 41.4 126.63 55.58 114.83 114.63 55.0 33.6 10.44 110.8 102.0 114.34 89.82 79.62 93.86 99.05 120.55 78.85 48.27 120.25 50.01 115.28 22.2 106.51 131.53 66.22 97.41 78.71 52.63 55.0 68.62 40.0 48.38 87.97 105.51 29.07 27.73 101.39 115.95 132.65 100.9 56.8 109.18 124.62 35.47 119.04 47.8 75.77 78.06 99.81 55.95 71.81 0.0 26.48 26.68 6.0 46.32 149.91 90.14 95.27 146.86 80.65 35.36 51.86 117.6 81.88 106.67 72.78 113.78 
93.81 102.08 48.55 72.11 38.42 79.1 47.38 30.81 101.12 31.78 98.23 96.18 42.05 22.8 29.43 87.69 84.1 95.38 66.13 54.38 75.58 75.69 94.54 56.36 26.4 97.59 24.74 89.05 4.47 82.87 110.8 44.41 71.31 53.82 36.67 33.29 48.37 27.07 22.36 63.6 82.46 41.62 33.11 78.39 92.36 113.21 74.85 46.01 84.31 106.89 18.03 101.55 21.54 65.07 78.55 74.3 46.1 65.76 26.48 0.0 29.0 28.23 44.01 128.69 90.48 84.38 124.48 58.67 13.45 31.3 100.85 77.28 88.12 66.75 90.14 
90.79 112.79 50.16 82.23 44.91 100.45 68.66 57.71 112.29 59.64 90.27 91.22 70.18 14.04 18.36 92.14 78.49 91.29 93.06 66.48 70.84 81.15 108.19 84.31 55.23 100.72 51.62 110.48 28.02 109.57 109.64 48.38 86.21 64.78 30.89 38.64 48.75 18.97 41.48 89.9 109.66 55.15 51.35 105.68 118.97 109.66 89.36 31.4 93.68 100.57 21.21 94.92 42.06 49.65 52.77 86.31 30.23 45.12 26.68 29.0 0.0 32.56 67.72 128.23 64.94 68.94 126.48 86.84 42.45 34.71 93.09 55.33 83.49 46.1 116.73 
117.92 130.18 73.54 99.98 64.66 106.07 74.95 38.08 129.25 55.04 119.89 119.4 51.62 38.59 16.28 114.48 106.83 119.02 88.81 82.37 98.6 102.62 122.77 77.47 47.27 124.08 50.25 115.85 23.77 105.38 135.88 70.09 99.54 81.63 57.43 58.8 72.86 44.94 50.57 87.28 104.14 23.09 22.47 100.02 114.76 137.28 103.08 62.24 112.16 129.53 39.62 123.98 49.77 81.34 84.05 102.42 61.47 77.67 6.0 28.23 32.56 0.0 41.4 154.18 96.13 100.9 150.81 79.08 35.01 55.87 122.64 87.82 111.4 78.64 112.61 
133.7 130.14 89.19 103.81 78.11 93.3 69.31 16.12 128.7 43.14 140.25 136.96 19.92 66.19 56.44 122.97 125.57 135.77 66.41 86.82 117.05 111.14 119.6 54.08 35.61 133.26 45.49 101.53 42.11 80.6 148.92 84.43 97.62 87.46 80.4 74.46 89.56 71.01 57.94 67.23 77.93 25.08 19.1 74.15 88.96 152.71 101.14 90.0 115.42 148.0 62.03 142.94 56.08 109.07 120.3 103.71 90.02 109.37 46.32 44.01 67.72 41.4 0.0 165.71 132.44 128.32 159.77 54.12 35.44 73.55 142.72 120.7 129.03 110.37 87.13 
37.74 50.64 80.66 63.57 90.27 96.02 99.96 149.59 52.61 124.39 44.91 39.0 151.7 116.85 145.34 42.95 51.0 38.01 124.46 79.16 57.69 54.59 63.29 129.76 130.6 32.7 120.35 97.33 132.77 128.04 18.6 84.39 74.53 78.29 97.84 95.67 81.32 110.54 108.72 119.68 132.09 170.24 161.01 131.31 131.14 21.38 72.01 98.18 54.13 34.23 114.56 38.83 110.39 85.49 113.27 65.97 99.86 97.5 149.91 128.69 128.23 154.18 165.71 0.0 113.0 74.73 11.18 132.44 131.47 98.35 42.58 97.98 45.65 97.14 130.06 
80.16 125.0 72.01 101.52 77.78 136.61 111.02 121.12 125.57 114.91 68.26 76.0 132.4 67.78 80.02 97.02 67.6 78.03 142.52 95.21 66.22 92.11 127.39 137.41 113.6 100.13 106.33 145.34 91.09 157.0 97.08 75.17 113.02 92.42 62.01 75.17 69.81 64.85 90.7 138.11 158.55 119.21 116.25 155.13 165.47 91.66 114.61 49.2 107.91 78.77 74.25 74.33 92.36 39.45 12.17 107.78 48.01 29.0 90.14 90.48 64.94 96.13 132.44 113.0 0.0 39.01 117.11 140.43 103.08 72.62 70.46 19.24 72.34 28.32 163.34 
41.19 87.85 46.62 68.12 56.32 106.96 87.21 114.0 88.64 99.25 29.83 37.01 122.41 63.56 87.24 59.62 29.12 39.01 119.85 66.85 29.68 56.86 91.92 117.75 100.84 61.61 91.41 114.55 86.83 132.08 58.22 51.26 81.32 64.07 48.01 56.89 44.94 57.87 74.97 114.95 134.46 122.26 116.1 131.61 139.52 53.37 82.13 39.05 72.2 40.8 66.37 35.9 76.94 19.65 38.6 74.52 39.56 26.17 95.27 84.38 68.94 100.9 128.32 74.73 39.01 0.0 78.23 120.9 94.01 56.32 32.28 23.41 33.54 25.46 137.57 
38.33 40.11 77.47 56.36 86.28 86.28 92.61 143.67 42.11 117.72 49.01 41.3 144.94 114.4 143.0 37.01 51.92 39.62 115.52 72.95 57.38 49.04 53.01 121.46 124.34 26.91 114.28 87.05 128.7 118.27 20.02 80.72 66.1 72.42 95.69 92.02 78.41 108.23 103.71 110.86 122.41 165.76 156.2 121.81 121.0 26.68 63.32 97.49 45.88 39.46 111.4 43.05 105.26 86.68 116.25 57.94 99.28 99.2 146.86 124.48 126.48 150.81 159.77 11.18 117.11 78.23 0.0 124.04 126.21 95.02 47.1 100.98 46.57 98.95 120.0 
109.02 87.66 74.33 69.58 64.88 43.28 35.23 44.01 85.87 27.2 120.81 114.16 34.21 76.49 86.93 90.8 106.07 112.07 12.53 58.22 98.66 81.1 75.18 3.16 32.7 100.45 35.47 49.68 61.27 27.02 118.95 69.64 57.97 60.41 78.49 65.86 75.96 77.1 49.82 14.87 25.18 75.17 65.01 21.1 36.06 125.32 60.73 91.26 78.34 125.06 68.62 121.26 48.27 105.55 129.63 66.49 92.42 112.06 80.65 58.67 86.84 79.08 54.12 132.44 140.43 120.9 124.04 0.0 46.1 67.96 122.59 123.49 107.47 112.9 34.01 
98.49 100.0 53.76 71.42 42.72 71.39 41.23 20.1 98.81 20.22 104.81 101.59 29.41 35.34 40.85 89.2 90.14 100.46 54.57 53.76 81.61 77.2 91.07 44.01 13.42 99.4 15.52 81.05 15.26 71.31 114.24 49.04 67.96 53.91 46.04 39.05 54.12 38.6 22.83 52.61 70.52 40.8 30.48 66.41 80.78 117.63 71.56 56.89 83.49 112.61 29.12 107.52 21.1 75.24 91.29 72.47 57.27 77.37 35.36 13.45 42.45 35.01 35.44 131.47 103.08 94.01 126.21 46.1 0.0 38.33 107.28 89.02 93.64 78.34 78.59 
62.68 78.16 17.69 47.54 10.2 69.29 39.66 58.42 77.62 43.66 67.07 64.88 66.12 20.88 48.76 59.08 52.8 64.14 70.04 32.02 44.28 47.51 73.55 64.9 44.55 68.41 35.44 79.06 34.99 85.04 80.16 14.42 52.01 30.15 10.63 4.0 17.2 16.03 18.97 65.76 86.28 72.72 64.4 82.73 93.86 82.1 55.01 23.43 59.14 75.58 16.4 70.26 20.88 38.6 62.24 51.62 24.76 44.1 51.86 31.3 34.71 55.87 73.55 98.35 72.62 56.32 95.02 67.96 38.33 0.0 69.64 55.57 56.82 44.94 91.68 
16.4 65.95 53.6 57.01 64.76 97.58 87.37 127.09 67.27 106.47 2.83 10.0 132.67 84.06 111.21 40.0 17.26 12.81 118.26 64.38 25.71 44.01 73.76 119.51 110.48 37.01 100.13 102.96 104.28 127.13 27.29 58.46 71.31 62.2 65.37 68.31 53.16 77.7 85.15 113.16 130.36 141.77 133.93 128.32 132.97 21.21 70.68 61.72 55.47 8.54 84.08 4.12 87.1 45.61 70.88 62.65 63.03 56.44 117.6 100.85 93.09 122.64 142.72 42.58 70.46 32.28 47.1 122.59 107.28 69.64 0.0 55.66 15.13 55.95 131.32 
63.13 106.23 53.15 82.29 59.67 117.61 92.85 108.06 106.74 98.84 53.16 59.68 118.41 54.59 72.57 78.45 50.0 61.4 124.81 76.22 47.68 73.05 108.27 120.42 98.43 82.22 90.38 126.25 78.64 138.85 81.05 56.57 93.81 73.41 45.18 57.69 50.99 50.45 74.24 120.25 140.58 110.45 106.0 137.28 147.14 76.66 95.38 32.7 88.87 64.2 59.91 59.2 76.03 20.25 15.3 88.55 31.95 11.7 81.88 77.28 55.33 87.82 120.7 97.98 19.24 23.41 100.98 123.49 89.02 55.57 55.66 0.0 55.04 10.77 145.04 
8.25 55.57 39.92 42.49 50.92 83.19 72.25 113.23 56.6 91.79 13.6 8.06 118.26 73.11 101.14 27.8 5.39 7.81 103.16 49.25 12.81 29.53 61.62 104.39 96.1 28.16 85.7 89.04 91.79 112.27 27.31 44.6 56.8 47.1 54.04 55.04 39.81 66.71 71.17 98.06 115.43 129.5 121.2 113.32 118.31 26.17 56.44 52.8 42.45 18.97 72.11 14.14 73.08 40.16 70.18 48.37 54.41 52.63 106.67 88.12 83.49 111.4 129.03 45.65 72.34 33.54 46.57 107.47 93.64 56.82 15.13 55.04 0.0 52.39 116.62 
60.64 100.28 43.83 74.67 49.52 108.47 82.76 97.49 100.62 88.1 53.24 58.19 107.7 44.18 63.89 73.17 47.07 59.48 114.48 67.12 43.05 66.49 101.24 109.84 87.66 78.1 79.62 117.35 68.26 128.76 79.4 46.86 85.42 64.35 34.48 47.2 41.62 39.81 63.53 109.99 130.38 100.98 96.08 127.02 137.18 76.16 87.24 21.93 82.23 64.41 49.24 59.03 65.3 13.04 20.25 80.78 21.19 1.0 72.78 66.75 46.1 78.64 110.37 97.14 28.32 25.46 98.95 112.9 78.34 44.94 55.95 10.77 52.39 0.0 135.06 
115.74 80.1 92.31 74.33 85.56 34.53 52.35 78.0 78.1 58.52 130.17 121.76 67.48 104.81 119.25 93.62 116.78 119.22 24.04 70.72 110.94 87.32 67.03 35.23 65.51 101.43 65.55 33.24 93.3 7.28 120.51 88.53 60.08 73.5 102.18 88.62 94.37 104.01 76.32 26.83 9.22 109.07 99.0 13.04 2.24 128.46 61.13 114.77 78.45 131.61 96.75 129.03 75.29 125.5 153.64 68.96 116.28 134.35 113.78 90.14 116.73 112.61 87.13 130.06 163.34 137.57 120.0 34.01 78.59 91.68 131.32 145.04 116.62 135.06 0.0 
